1.266282164762334190e+02 -7.843818996669992272e-01 1.138970580938450325e+02
1.771754820203326517e+02 1.937258014478148382e+01 9.591534044788353697e+01
-1.010421466724226605e+02 -3.098756337679518857e+00 4.933355795203924998e+01
-1.652772654428109718e+02 -1.523727849545547919e+01 7.195692151907068990e+01
5.466492464214059055e+01 -3.776162103106737078e+01 1.520172067440564092e+02
4.429531043866962392e+01 -4.527916463002288339e+01 1.576879679179490665e+02
1.292797452611799542e+02 5.498156642687335705e+01 6.615061110920879628e+01
-5.565606452155364536e+01 3.499050409122271788e+01 4.626183253525905315e+01
1.767803733561703723e+02 3.862715837016475717e+01 1.133444827968531001e+02
-1.064705426565380009e+02 -7.463918274479404147e+00 5.391594646331400753e+01
-1.648882188509241757e+02 -3.806667869045508468e+01 5.237417186102189959e+01
-1.165251537379000268e+02 -2.183366012405137369e+01 8.573684975737097602e+01
-1.083894346555706250e+02 -2.620023872915956176e+01 7.273985058625936517e+01
-1.304403253432992749e+01 9.337617788460162771e+00 6.017879491891491739e+01
-5.384724389886032725e+01 7.751022590318335403e+01 8.370087662438828602e+01
-3.074136623901316767e+01 -1.162247651729221687e+01 7.835268098504405998e+01
1.078335103125015166e+02 6.881844286662220611e+01 5.961586206131947563e+01
-1.546813014692195054e+02 6.890884154079569157e+01 8.887398295505148837e+01
-1.031339060760160322e+02 7.837558943642602571e+01 8.411057912430449335e+01
-1.728117072665934018e+02 4.844877540837943641e+00 8.668791661465421328e+01
5.327717791686783499e+00 -1.569160868386537544e+01 9.107380234239305139e+01
3.957269915618224587e+01 -7.982120946161633590e+00 1.079890714496433048e+02
1.156137032322538118e+02 4.297998289673664374e+01 8.101103920461902419e+01
-1.651960170911484056e+02 3.467609792414932457e+01 1.165266903396692157e+02
1.362437764290586699e+02 1.340031782189980625e+01 1.457392752380314107e+02
-1.527742978354964407e+02 -1.777556524491383882e+01 7.524417378398688072e+01
-1.452371616126671405e+01 -9.542991148326018802e+00 9.388716359526090116e+01
-7.840388034665063799e+01 -1.002203282226972547e+01 3.524405374826359605e+01
4.299072873593792821e+01 7.383578520598227612e+00 9.856517375719309371e+01
1.631566293468297886e+02 -1.371527766581052354e+01 1.266765234287677373e+02
4.011954577108390652e+01 7.346336716290077895e+00 9.677595942340042257e+01
1.477271759493037848e+02 -2.378207373293698268e+01 1.188102878354402065e+02
3.074850012755344864e+01 -5.604764576643001561e+01 1.623936142396701712e+02
-8.365796886172383040e+01 -3.436693070056678323e+01 8.211565632022228556e+01
-1.018028462414387718e+02 -3.180315695556309308e+01 7.804087868818575657e+01
1.530038914608507241e+02 -1.787642852673332072e+01 1.203852427758823751e+02
-6.878008185069894864e+01 5.233881314343798863e+01 5.807588494314967420e+01
-1.549085280019906463e+02 2.663066958041570587e+01 1.138373819533615432e+02
-1.582767566925703022e+02 -5.422351631530443683e+01 4.226516917269098883e+01
6.584319791267459721e+01 5.788135778872614878e+01 7.308105971902143949e+01
-1.565221869897168574e+02 -4.871660865978339139e+00 8.509580830596156886e+01
-1.038226336618693466e+02 3.752023290133929123e+01 4.754878589151643098e+01
2.754189566786332222e+01 -1.948257136736850370e+01 1.082229426670289740e+02
-1.034324926685519728e+02 -3.182361173907013097e+01 7.808800301506495600e+01
4.538069578888846678e+01 -4.844917310956476264e+00 1.094744031903886565e+02
-9.439103884727427385e+01 2.370801434471509239e+01 3.155238682544154827e+01
7.072593838970679769e+01 3.968160593844950768e+01 9.143349851593779931e+01
8.229228124082172258e+01 4.653495944229556613e+01 8.430789301228368515e+01
1.704527374577254761e+02 -5.539668539096491173e+01 2.843941802628504334e+01
-1.401310806937491975e+02 -7.834646371676740273e+01 1.443686454252796239e+02
-1.659137626407096491e+02 1.898494561786375101e+01 1.023475567089975300e+02
-3.781686219087649903e+01 4.244827794393644638e+01 6.117702313289007776e+01
-4.078649445106715632e+01 -4.725895280699843681e+01 6.160390488064702907e+01
1.660295313139039592e+02 3.326408010739108079e+01 1.049930379416709059e+02
-1.126402248308954768e+02 -4.941572227654064164e+01 1.149168994177428260e+02
-8.145780391938603771e+01 -1.715969959599213723e+01 6.582309722759791271e+01
8.896276786623741373e+01 -5.366360452486279087e+01 1.621790074294188173e+02
1.122929048066347768e+01 1.892611283694926527e+01 6.926469469382995214e+01
-9.738983675797257433e+01 -5.351344931958941231e+01 1.199891496828419406e+02
-1.073680399306395401e+02 4.215565781611009299e+01 5.291732272912644675e+01
-1.758148260956086801e+02 2.463257283217356886e+01 1.033856501791710230e+02
-3.159993070306204643e+01 -3.419100599142053909e+01 7.057946594180440059e+01
1.033445298746752883e+02 4.629411202511565193e+01 8.137437547394839044e+01
-2.015284478046496019e+01 -3.771807605962916199e+01 7.839642699453665386e+01
-1.333547806925730015e+02 -4.484379477397772717e+01 5.909820046362660406e+01
1.752281166365372371e+02 2.909337728771490106e+01 1.041302355854992783e+02
3.370954129972208335e+01 -3.361075369018018222e+01 1.218207118481923033e+02
1.346434300945674245e+01 6.408190715129477155e+01 5.775036543001862555e+01
-1.321640265603611510e+02 2.529299121173345455e+01 1.227324439541475982e+02
-4.298079323565856669e+01 6.650988220569060161e+01 7.630351449219206472e+01
-1.706415541689071631e+02 6.308608089410268605e+01 9.432647830844071279e+01
-6.629255266082508058e+01 4.015082147421365022e+01 4.690045072177632335e+01
1.602703762825275930e+02 -3.370312890120776839e+00 6.867729082275133123e+01
2.900548753903398946e+01 5.569283153279898535e+00 9.086280973636557690e+01
2.091724593868926974e+01 -4.880033278894094906e+01 1.234569150972884728e+02
-2.722021301674267946e+01 7.802378987799993126e+01 8.768368305753863012e+01
-2.507976421131971634e+01 7.288216033828858542e+01 8.512622835773807140e+01
8.910791354904340267e+01 2.581818364056115556e+01 7.185532840230260376e+01
1.690664733655297312e+02 3.770384507301040689e+00 7.847466147705823403e+01
3.992684150108301822e+01 -1.069899587099242311e+01 1.102251102206345053e+02
-1.701350176027214900e+02 4.185800719394904945e+01 1.208452619994277342e+02
8.217215853141513549e+01 6.055047130326981275e+00 8.244801048322392489e+01
-2.426045760444780086e+01 -5.742044871120177874e+01 1.413819524714049010e+02
-9.978118538464821086e+01 -6.463805725074829311e+00 5.271086582799866704e+01
1.184388547796059754e+02 -2.422075563149152799e+01 9.594442761161505473e+01
8.851376523669804897e+01 3.221086919696521988e+01 9.783741459363452009e+01
1.538911785679569277e+02 -2.012975797401222522e+01 1.222030782621551737e+02
-1.283093845045759736e+02 6.493698913265217243e+01 7.801794664995233575e+01
-1.320966836724769848e+02 6.728047744113361261e+01 8.069131050550805639e+01
-9.901905976759002215e+01 1.056994942189317932e+01 2.889550118524600464e+01
-3.436593853660738063e+01 2.042099652228379014e+01 3.867945319779405366e+01
-1.589683245462999253e+02 1.654913156978942368e+01 1.031678109095386731e+02
9.522179574305104666e+01 9.787284345870971292e-01 6.272247255251425457e+01
-7.798438310404175233e+00 1.648678089057287366e+01 5.823860045877194835e+01
-2.288717227087671002e+00 -3.803760704099483547e+01 1.039536694309673379e+02
-1.754337835130136796e+02 -8.366001839039701338e+01 1.515282320708750774e+02
-8.832417959540029528e+01 8.233841736519364929e+01 8.726156277313870646e+01
-1.157120728925280275e+02 7.060965989962865841e+00 1.130502630024033976e+02
1.701217129958467638e+02 4.588221975579017453e+01 1.178461566569815773e+02
8.756578697982894255e+01 -5.780869463089977955e+01 1.657686620619865607e+02
8.626589362524296689e+01 3.136584362475775123e+01 9.897662269091860310e+01
9.208328019738982562e+01 -1.903002394587726798e+01 7.384931044056928329e+01
-1.264042359321410345e+02 5.504448337468720354e+01 7.079635873570997262e+01
-1.523866121273047725e+02 1.418697950975194821e+01 1.039708641186128233e+02
-7.158915638912208124e+01 -1.540160609729504948e+01 3.952945895566764989e+01
6.750378843017524844e+01 1.579874043466005062e+01 6.569544961037288999e+01
1.375362337974188449e+02 -5.546468595840100591e+01 1.438640318673612626e+02
6.504131303604677328e+01 1.477392341618568139e+01 6.490487229918051071e+01
6.142226000531707975e+00 3.219388142870579372e+01 5.694650250719526241e+01
-6.328450676562255239e+01 -7.231464891236911718e-01 5.286360061169580149e+01
-6.671114131235145628e+00 2.959442060130539076e+01 5.005109679478482576e+01
1.138435024065684864e+00 -1.495655250563756411e+01 8.792625600375770034e+01
-6.846127268332200799e+01 -6.171417277457525330e+01 1.323144040843595519e+02
1.528607110788069576e+02 3.623539564202538799e+01 1.043072979197744274e+02
1.295577120390301786e+02 -4.749994768171058723e+01 1.152533603600924721e+02
1.658023478286569059e+02 -1.612487054843586520e+01 1.301166957755721114e+02
6.807572413798965272e+01 8.003673754376331217e+00 7.199797224668616025e+01
8.312461343328341457e+01 -1.719872736721197626e+01 6.677327637748328470e+01
-1.598677453574807146e+02 -5.329901290120380963e+01 4.233944350759320230e+01
-1.724798080962238203e+02 6.781547891703509379e+01 9.518743441251120885e+01
2.812108732242181475e+01 -1.136497405624661283e+01 1.027733869101907231e+02
-1.285225803357981249e+02 -4.661090932704410505e+01 5.913335358390280305e+01
-9.346272096365639470e+01 6.433134555067001159e+00 3.577094394792955967e+01
7.116012633448143276e+01 1.121561306223280319e+01 7.148688808688007157e+01
9.220753879070302617e+01 -4.389709318427991036e+01 1.527822415367963629e+02
-1.255846739926440421e+02 3.314040276505117077e+01 1.323996196949504167e+02
1.204744299557504377e+02 -8.088507573268117312e+00 1.233986126327225747e+02
6.001757701514932819e+01 -2.764745155415453937e+01 1.355620404028942971e+02
-1.389141703429039012e+02 -2.382209032803806181e+01 7.570956690572590730e+01
1.058754081162172582e+02 -9.605683628498079329e+00 7.760752287642689851e+01
-1.355521038497726636e+02 -4.276302512192917504e+01 6.015697615717769509e+01
-4.934755158331439162e+01 -7.178917042638023993e+00 6.281113182290672370e+01
-5.459426927723965406e+01 -2.194803246238734928e+01 5.352806777938872074e+01
1.245858543439516239e+02 7.459170051454425732e+01 1.087279531085602713e+02
1.166178198792934495e+02 -3.762476729408329135e+01 1.021818981983642232e+02
6.919879113813945537e+01 -6.975561606933828784e+01 1.748576805999718431e+02
6.370965006891692894e+01 -1.705533594239549799e+01 1.304513032301891826e+02
2.037511739339087669e+01 -2.416007958686356538e+00 9.098721721285959063e+01
-1.266285957911531881e+02 -3.172211712025680797e+01 7.318780001619887798e+01
-1.711973700894739352e+02 -3.334571153386281850e+01 5.355346875524422501e+01
-2.691847205062061654e+00 -6.415994871404536504e+00 7.891665611316008722e+01
7.047876075130832696e+00 1.086941410335873570e+01 7.223324790033888121e+01
-3.466799147022659611e+01 1.534906667481381781e+01 4.265419256104586054e+01
1.287818468976535371e+02 -7.092650029636980946e+01 1.558996011114961107e+02
-1.910468660777133820e+01 -8.083334241165073308e+01 1.552520876670385235e+02
-2.793132800319864373e+01 1.451075782403197856e+01 4.708837997627127692e+01
1.585511190544187059e+02 -1.228048608747627135e+01 1.221177153083837226e+02
-6.099451583066853289e+01 -7.983206585266644950e+00 5.181171567381141330e+01
-1.276424446042611294e+02 1.759639254939022024e+01 1.178816417680438775e+02
5.526289196143883942e+01 3.180503229689478406e+00 1.093900135537086555e+02
-1.419744589965484636e+02 -1.440037712548296822e+00 9.459145922054098321e+01
-1.566577057274130311e+02 8.706804387255242972e+00 9.718993505918902542e+01
-3.267657844968648817e+01 2.024204259536506356e+01 3.978658954204157538e+01
-1.412365461408797671e+02 2.404579709622340999e+01 1.176239210090399609e+02
1.959917181478421000e+01 9.114420277957364647e+00 8.195837283362776304e+01
-1.597753246515988224e+01 -2.504888186792853588e+01 8.638727599162362480e+01
-1.696078424018258204e+02 -3.539367990081728976e+01 5.253214352808514320e+01
1.315442044952860670e+02 5.758089296188020256e+01 6.332437918376609076e+01
1.670830446085190317e+02 -3.981159559573772544e-01 7.386929279207473087e+01
1.251696369974216054e+02 4.305523434301348118e+01 7.753271731868024119e+01
-8.417430445947250917e+01 1.173005676245719897e+01 2.468529444266888007e+01
2.943614667994975420e+01 1.331499926436683445e+01 8.538175914896628171e+01
7.765832884479479503e+01 4.246942418556880483e+01 8.860641949134726758e+01
1.558076943358558175e+01 1.363415893810772772e+01 7.596767863765026618e+01
1.351217042043886067e+02 -5.697554226353561901e+00 9.912535889265167555e+01
-8.058504996535039311e+01 5.661688366655015869e+01 6.147170304298558108e+01
1.456379589875103591e+02 -6.072366642875785914e+01 1.446284647398322818e+02
-1.753048679418583333e+02 2.025118017149679162e+01 9.962277450838976733e+01
-6.752898978702207344e+00 8.404446836287068123e+00 6.491239581020340665e+01
6.106525738162575578e+01 4.818338933744314545e+01 8.237123260508073486e+01
-7.514734922518397298e+01 1.029077900506732135e+01 2.955354327876824883e+01
-1.034762723215241920e+02 1.247443484233326849e+01 2.429758137838943810e+01
-4.881189662779217997e+01 -4.936375889152078145e+01 5.627669024404182352e+01
5.778466590513497891e+01 5.077655753803026073e+01 7.946746295720498665e+01
1.484302492829734490e+02 -4.598835703306301781e+01 1.270617330343345373e+02
-9.931716862974649018e+01 -1.453701172988255585e+01 6.079206147051642262e+01
-1.721576239480774291e+02 3.315448009067893764e+01 1.124410491752233412e+02
-1.047173782291554573e+02 5.082270436665756108e+01 5.939571293118436301e+01
-3.266410190819948411e+01 -1.552108122998476603e+01 7.523938413581727502e+01
5.920703142083080195e+01 5.951355386849645157e+00 1.094122490222409283e+02
-1.343714911944559276e+02 -7.027505246868321365e+01 1.361614221684756387e+02
4.266305111037831210e+01 3.171567839994346372e+01 4.167551574770778444e+01
8.556388308183581159e+01 -2.524788877183780045e+01 7.442093321976017251e+01
-1.637531963311122922e+02 -5.385651746539415541e+01 4.038170546815099726e+01
-5.800629278318716331e+01 -1.292137453569788441e+01 5.282263597215644069e+01
1.397515328471017959e+01 2.403040457545225195e+01 6.752526248200278758e+01
-5.593729932359634915e+01 1.062058259773100488e+01 6.487172992915715497e+01
-4.717024552872849341e+01 -5.340297575253218554e+01 5.761809602070417924e+01
1.139439780689278763e+02 2.291646179744472600e-01 1.198518843424101306e+02
3.521995097760900961e+01 -4.158187617142471737e+01 1.275621723195941115e+02
1.189182942128470728e+02 2.362208177976813595e+00 1.154959533035487311e+02
5.916853920717100834e+01 -3.739346587597565019e+01 1.519244052991510330e+02
6.700605819818932218e+01 7.155803356212419430e+01 5.950231483817478306e+01
2.947921353823731394e+01 5.733430922682093644e+00 9.105517866498948365e+01
6.387413641878087134e+00 -4.772624879491988281e+01 1.153734222115263890e+02
1.263723568516737430e+02 -2.371630205416187742e+00 1.153400539415908810e+02
8.403314721655601005e+00 -5.005589093772138654e+01 1.179321818916982636e+02
1.738214384331557767e+02 -4.920150793673975897e+01 3.419377546662605027e+01
1.326224122694255811e+02 -7.298709020059720842e+01 1.554742213015230163e+02
-9.939580970833942786e+01 3.085488783886447806e+01 3.995186992506351231e+01
8.441306958283806239e+01 -6.645570684430481379e+01 1.708124053337917587e+02
-1.097878502973440646e+02 2.002951736754197398e+01 1.272292256247935995e+02
5.971752380015027484e+01 5.544613512933241140e+01 7.506673920269066969e+01
-1.250838673092992792e+02 6.130366905700537217e+01 7.449214620117135155e+01
5.239916548300072918e+01 -2.117345135568962533e+01 1.260781814469543178e+02
-9.767894639881271601e+00 5.300695133113134716e+01 5.628878772820816323e+01
6.815328601601656544e+01 -6.704258801737049112e+01 1.770047908668987873e+02
-1.184914909353132657e+02 5.148599323339080058e+01 6.492917157921048954e+01
-5.620888374486565908e+01 -3.137704228560474107e+01 5.066903879080890505e+01
-4.962773616036212587e+01 -1.786477244792606101e+01 5.906641615875966522e+01
-6.311348047043922049e-01 -2.631433813619582285e+00 7.728373771531892089e+01
1.301889311659781754e+02 -6.457791589978762659e+01 1.525459612379005705e+02
-1.737376258703358474e+02 -5.519621545374382876e+00 7.692580221327320089e+01
1.359635586659936735e+02 2.792823824453116899e+01 1.593232404327859228e+02
-5.856741168914135187e+01 -1.213153167311500447e+01 5.256230690852024878e+01
1.523454747174380088e+02 -6.067356632374178815e+01 1.423031972424210494e+02
-1.191854365003627834e+02 -1.742963449151617894e+01 8.897009757486323167e+01
1.353455979172046284e+02 -3.128413320653427476e+01 1.123824460112252552e+02
4.088078473164716287e-01 2.118074769878994346e+01 6.041587635259446643e+01
-1.908129878187779127e+01 -2.577269496494534451e+01 8.352151916013872324e+01
7.343069389051714779e+01 -4.775729271365579365e+01 1.612968121498298899e+02
-1.025861437384168369e+02 4.728606808802580730e+01 5.561410447464938045e+01
-1.318138685088999296e+01 -4.037247333961340701e+01 1.007529906581285246e+02
-1.029534740084032229e+01 -3.553037860820716531e+01 9.807381021062897730e+01
-2.037381149696042471e+01 -9.529482008602910170e+00 8.858961416119187504e+01
-1.572341312980813086e+02 1.645487505911168657e+00 9.061428927861935279e+01
-1.335107520841694111e+02 -5.538233248022564226e+00 9.447403671552363846e+01
1.265136568879611474e+02 1.588237933477172170e+01 1.446475669104317205e+02
-6.166389868098892180e+01 6.101891378961142465e+01 6.751142703801563982e+01
-1.781866156766893639e+01 -6.635741149792131921e+01 1.496392412470609656e+02
-7.746393720591223087e+01 -1.090903587406852004e+00 4.054343855778214589e+01
8.161480717847274491e+01 -6.310759483793455615e+01 1.711707955384985382e+02
7.709902302466338142e+01 -2.215686158632369285e+01 6.728127290189205212e+01
-1.004558759876567819e+02 7.494725707025686745e+01 8.069246265281255148e+01
-5.431607723110442265e+01 6.237290225662042076e+01 7.017557982610708223e+01
2.877359798702567772e+01 4.110264561992135413e+01 8.179339634447873664e+01
1.242222439760696631e+02 -1.382784743817651041e+01 9.463839098393572158e+01
1.360627686505071097e+02 1.560669792167482584e+01 1.478131035697839479e+02
-7.577835085807460302e+01 4.237520131184837169e+01 4.743675713620852719e+01
-8.374750489554325839e+01 2.056099556461262168e+01 2.559777060238048918e+01
3.186016976345457863e+01 -6.233183425107368691e+01 1.665595962632243641e+02
1.146055763252236801e+02 -7.793088977188669730e+01 1.603885882480914518e+02
-3.358347033932705727e+01 -1.324021907262017184e+00 7.957017628366945416e+01
3.762773119589655835e+01 4.946667491355518820e+01 7.695187618524015249e+01
-1.193428975256601490e+02 -8.307364212811322091e+01 1.484984250432430599e+02
1.751125385018931127e+02 -3.844693811702322161e+00 7.378377391105802019e+01
-9.581182280189668177e+01 2.813506635679047463e+01 3.608347185311694716e+01
-4.138653551448431500e+01 2.619326182075242215e+01 3.018235380669767665e+01
1.494574215886333661e+02 5.868165761934974256e+01 1.138603884617817386e+02
-3.454242045977272824e+01 3.218519519104360427e+01 2.990760284915082323e+01
-1.219475606645899433e+02 1.383223005913290393e+01 1.168519238598944128e+02
4.467967999642478105e+01 -4.708520616814925575e+01 1.594764988904143195e+02
-1.462224177823183595e+02 -1.626606630377118634e+01 7.943124990786427020e+01
-2.984312501487553604e+01 -5.867249090373174880e+00 8.129271192604879559e+01
8.885519980071521218e+01 -4.854790766168791905e+00 9.510430457725786368e+01
2.498831803126650186e+01 3.649940282668947589e+01 8.440635655141480242e+01
2.826838742601631438e+01 6.833452110754717523e+01 5.808108214659625190e+01
1.652492746066587301e+02 6.492027381921904805e+01 1.044274602432639227e+02
-1.544906357033013364e+02 -6.957551279240806252e+01 1.373402110250652299e+02
1.654427029791901589e+02 -4.073168730242450408e+00 6.984925937692257492e+01
-5.173380030719482647e+01 -4.662039803443654762e+01 5.413079496654851397e+01
4.789426441953989411e+01 3.964865665439577302e+00 1.042898606296942887e+02
-1.150232633488633383e+02 2.805082094129119596e+01 1.324569190066563920e+02
1.754130088539304211e+02 -3.341058844489852220e+01 1.448479377981128948e+02
-1.023352139433753791e+02 4.906477033379390207e+01 5.713276926513340470e+01
-3.011731230547835736e+01 2.085235704032923820e+01 4.081392269023325525e+01
-1.125063517224645722e+02 4.394417168484550018e+01 5.659155039761315464e+01
-6.110425677636930430e+01 -1.343903188327425902e+01 4.979850107658675284e+01
6.468096605944289479e+01 -3.034177193760680957e+00 1.199147518979615654e+02
1.016612432111680420e+02 -3.986817236257278552e+01 9.429991980297053544e+01
-1.361638562073094931e+02 2.097368793694995048e+01 1.171793168311037761e+02
-5.581613305622212096e+01 -8.710656399417352702e+01 1.539596116052128991e+02
-1.048676804485437088e+02 -5.298786538434394799e+01 1.188456249224901740e+02
1.625543299128493970e+02 -1.697470479775294550e+01 1.278651813223672633e+02
1.736794591223181214e+02 3.001324417105303510e+01 1.044402044034637953e+02
-1.165285462911161218e+01 1.110059903413188032e+01 5.971629990779474895e+01
4.966893513833255724e+01 2.124945560929812061e+01 5.338901956125655346e+01
-1.084919376691592419e+02 -7.173515160538744340e+01 1.373131168727392719e+02
1.700257734254675768e+02 6.559778101512490522e+00 8.141962773751737359e+01
2.051491562494289056e+01 3.665221469745671978e-02 8.926769740268392184e+01
-1.421406794830543845e+02 1.043082528960868061e+01 1.051762652583479820e+02
-4.543583604618191885e+00 -6.265784137251120001e+01 1.521493367256961733e+02
-1.562672009993692370e+02 -4.194207288209876339e+01 5.283436070615238123e+01
3.810252285426206242e+01 5.507870418810431801e+01 7.191932734421949647e+01
-1.639554949560812247e+02 -5.868285383298316837e+00 8.089978732861179367e+01
3.097007466044926005e+01 -3.241522857029920601e+01 1.192907956402351317e+02
6.249109243839619410e+01 -3.071163690374655175e+01 1.452861879110789118e+02
-9.837210600270530847e+00 5.957156834046141114e+01 5.236620366679348137e+01
-1.189916598166389061e+00 -2.110928410006406963e+01 9.133781002880998301e+01
-3.971258157376567510e+01 2.779041427102722395e+01 2.988034228795839198e+01
-1.624402142554814930e+02 -3.575346797023378542e+01 5.538028524938157204e+01
-1.226781826683166621e+01 6.503432084415082670e+01 4.853668763148771603e+01
1.235991193306145419e+02 1.330500785654682439e+01 1.037371442601118616e+02
-8.692735790801593510e+01 -4.650094479503786005e+01 1.145025581530998977e+02
-1.733476064172094198e+02 -1.042008116816175622e+01 7.268978751480590006e+01
1.563852719211081421e+02 1.359206907515525486e+01 8.353664953618368827e+01
1.711573252840904757e+01 6.467010835014761483e+00 8.223305898274634274e+01
1.221166096804889492e+02 6.080737477458715290e+00 1.106583770234850732e+02
1.627369219713814630e+02 6.564551649788333521e+01 1.051414191899856405e+02
-8.125028608399468055e+01 -1.685487751480700425e+01 6.557919640620198720e+01
1.615561064866089396e+02 -5.739742857627226158e+01 2.331044508505827650e+01
4.043482756379263066e+01 3.647673795127789731e+01 3.731648999553934942e+01
2.552990723296571574e+01 -9.596805204519398558e+00 9.974112510611159621e+01
-9.015191569453095610e+01 2.573877932687730663e+01 3.195424330611199437e+01
-9.603384727735830495e+01 4.430925261914788393e+01 5.107291843096659534e+01
-7.989902100015275721e+01 -3.126126069436735833e+01 7.982528862471075115e+01
-1.071941919265733389e+02 -7.439185822999409936e+01 1.399953249155656181e+02
6.628987377833352923e+01 2.696418697602878822e+01 5.679916001397312186e+01
-6.581599483385120664e+01 -6.586081104028638222e+00 4.798648040478192911e+01
9.179058302154557225e+01 2.295982124312501149e+00 5.921713360775303414e+01
-1.102502856887225278e+02 -4.056347758897283029e+01 1.061637501923454892e+02
1.858586983135703141e+00 4.287231936720919379e+01 6.887393456854049134e+01
9.936171133766885077e+01 8.363457100885509643e-01 1.255252675710721917e+02
8.616470582794633515e+01 1.511997663446699214e+01 7.806728898265079408e+01
1.711310990584861145e+02 2.716292748339287400e+01 1.009476152145060865e+02
6.997438157138336123e+01 8.677509119880962629e+00 7.267687195502465158e+01
-1.314019023626292153e+02 2.579310868736785167e+01 1.235042043983118276e+02
-1.787399847837531297e+02 5.819879833378529099e+00 8.510759132595619292e+01
-2.239300783704370801e+00 -2.648208240764787291e+01 9.496059959110677084e+01
1.642078028516654626e+02 -9.264318339627207521e+00 6.457338762512175379e+01
-8.893098656353289755e+01 -8.239293395898132033e+00 5.554224309828560990e+01
-1.688967075164795162e+01 1.085773717379712977e+01 5.659966724437413887e+01
1.704835280432348839e+02 3.857137628728858658e+01 1.112669386090870063e+02
-1.515020596966670610e+02 -1.178213328233007040e+01 8.114221189779019028e+01
1.508788489382046976e+02 -2.865980028496670329e+01 1.234496708653599484e+02
-1.932160140471842524e+01 2.457466966996044633e+01 4.490583297720746003e+01
-1.396068284453575643e+02 -2.236525852545466719e+01 7.673697460073756815e+01
4.536501075932640248e+01 3.149580309219100727e+01 4.358842825783124653e+01
-6.517666032492631700e+01 -2.381008919759534592e+01 4.360483745180293624e+01
1.500713283520272867e+01 -5.921668353447261524e+01 1.579343361684326510e+02
7.166817623369380108e+00 6.021626631491561632e+00 7.587528450611958419e+01
8.548460515510787161e+01 4.363296806609087497e+01 8.692058161497720903e+01
1.539724894592024498e+02 -6.570288837520553216e+01 1.453510084833727944e+02
-7.305863025087981910e+00 -6.241524981381530068e+01 1.509764127127137954e+02
-1.021216956461093446e+02 8.324973673487932047e+01 8.857067994611514905e+01
-9.672090885990259324e+01 -7.179982978421254991e+00 5.355478207709796834e+01
-1.438910945989318009e+02 6.137399802848225505e+01 8.191715023905258874e+01
-6.239942485838664510e+01 -1.588176485434241414e+01 4.787233562247289598e+01
1.576284323498184676e+02 -1.822320072885176856e+01 1.243936801106107026e+02
1.632516062890031492e+02 3.342298172288562341e+01 1.043247871847966053e+02
1.305925579783632884e+02 2.694284714870969921e+01 1.561498837007083296e+02
-6.995205699998813031e+01 -1.840264163881440496e+01 4.024979597950777332e+01
4.863854792530294624e+00 -6.303366200774490125e+01 1.559462920473271765e+02
-1.782964365963780438e+02 -3.542563328116227694e+01 4.864357008578134867e+01
1.621591269922728884e+02 -4.088016529235986241e+01 1.358669135813543392e+02
1.717478008583968574e+01 1.088318158097430910e+01 7.903678400509370761e+01
1.337757772347276557e+02 8.633732634817910423e+00 1.404931029981047459e+02
8.493376181720458362e+01 6.625170786395354128e+01 6.456414881796683858e+01
-1.129341163344012955e+02 2.435700212045545854e+01 1.299810268761783050e+02
-1.380866510185008167e+02 -3.753968127882988171e+01 6.381874304305440404e+01
1.559883880484551639e+02 4.743473938763642650e+00 7.497909172314693649e+01
-1.735501955532493810e+02 6.689461113424454375e+00 8.804699413108986050e+01
9.033853905716422616e+01 -3.085059106501678272e+01 8.141513675329559874e+01
9.075641479337359385e+01 -3.290682133963760947e+01 8.318566506405869632e+01
-7.854168150404248649e+01 -7.661986930711793775e+01 1.441472240918793659e+02
-1.595717071963726426e+02 3.737250451820480635e+01 1.211479618505198061e+02
8.941307370684405953e+01 7.477693264480336666e+01 5.591529858953495591e+01
1.745510632766176968e+02 -7.542477991757583311e+01 1.471214955471118628e+02
-1.559224913719147878e+02 3.814310722990528291e+01 1.233198462226167891e+02
8.759545179450820740e+01 -4.324448372455605494e+01 1.536419687421832236e+02
1.592130522106545527e+02 1.178480436483845573e+01 8.266117920510058070e+01
1.639485916650894524e+02 -5.826386868028221500e+01 2.387656580808558360e+01
5.359200724614215261e+01 7.295912115805003850e+01 5.740975358982259991e+01
-1.353881658275504662e+02 2.958355532302494595e-01 9.898645926923963145e+01
-2.165805113415404648e+01 6.082123438274431582e-01 6.203612301037798460e+01
1.592003235961376717e+01 -1.828771394319958077e+01 9.973813739131220757e+01
1.073968347269775165e+02 -3.914966264172335997e+01 9.722611424670533609e+01
-1.160667279181898124e+02 -1.139197340963724336e+01 9.568445323852434115e+01
1.535586317562938063e+02 1.527294316256466367e+01 8.435376976598919896e+01
1.285940408894273617e+02 4.375636495713693108e+01 7.559322828358541813e+01
1.703180728293789343e+02 1.178807851012917823e-01 7.555533676599097248e+01
-1.407875969013298345e+02 1.265779764649274330e+00 9.754416547531585024e+01
1.253592000772197856e+01 9.573683823691194306e+00 7.687176760369598583e+01
1.753722198112284900e+02 2.678760321372107356e+01 1.020657234190247920e+02
1.645252710279266637e+02 -7.277018226773597576e+01 1.473156644290674535e+02
1.179044576136674323e+02 1.492390151855829039e+01 1.050887536067759669e+02
-1.451972008995709018e+02 -5.120575937671661970e-01 9.401830909247941293e+01
-1.227019518087033561e+02 1.476979058315510152e+01 1.173964012976578744e+02
1.760833226655862234e+02 -7.759968316703280777e+01 1.483857175402888231e+02
-4.132520807094743986e+01 -1.746241258907821958e+01 6.675280399616436000e+01
-4.122061748264104608e+01 7.129077718590025370e+00 7.604216040923452624e+01
3.847701270468677137e+01 -2.497008275232124674e+01 1.193210894509860509e+02
1.377669091188946311e+02 2.646732980138831515e+00 6.842991884100754874e+01
-1.180640610792252687e+02 1.429165047826879764e+01 1.188178628725621024e+02
5.762392327197244413e+01 2.775332517413289679e+01 1.020910474760733564e+02
1.630685628703319026e+02 -5.558199727088405950e+01 2.506277059987785449e+01
-1.451640123897450678e+02 2.882675797413359930e+01 1.200275132080302427e+02
-1.653850552752198055e+01 -2.708034117042704025e+01 8.512565264799906117e+01
-1.334287265475449260e+02 2.038426166221326241e+01 1.178616151800176652e+02
7.266373083721235560e+01 -3.467312021862051807e+01 1.485811147003124972e+02
-1.513391550285556093e+02 1.900263739014025433e+01 1.087037545140487111e+02
9.038061768793674844e+01 4.148685296544218915e+00 5.696229554930997807e+01
-1.543882401847978656e+02 -1.864887887901701191e+01 7.376180502031363062e+01
3.340470648069273096e+01 -1.373721052208842863e+01 1.080471492216984046e+02
-7.386589653607416039e+01 3.914784173016767710e+01 4.444640670230819524e+01
1.422195789435085373e+02 1.100924964191166699e+00 6.782874250377537351e+01
1.118627122675568017e+02 -1.818572851627110154e+01 8.744381876781146445e+01
-1.339160863713164531e+02 -4.207705661029136479e+01 6.133640995128521212e+01
-1.405612275236481992e+02 3.372452768867033512e+01 1.262546549573827690e+02
-1.729584783521789575e+02 -3.421507895305958158e+01 5.203590678914117973e+01
1.645450705066582486e+01 2.573916974944582847e+01 6.797074324943366719e+01
-1.765883114235149662e+02 -9.076012364361712770e+00 7.249485801664160078e+01
-7.385471230006789511e+00 -4.532207652025576294e+00 7.454675277166572300e+01
-6.247629457593686197e+01 -3.673270645966077552e+01 4.541148839775214441e+01
-1.194190030292181888e+02 -4.785113420048418220e+01 6.073146258157508015e+01
1.860819281958159266e+01 5.584002618763765469e+00 8.388765936401682666e+01
4.065416873776477047e+01 1.669401920684576268e+01 8.991763645719935028e+01
-9.910142301188875180e+00 -9.054014649557931449e+00 7.665563707948923877e+01
-8.074424860802162485e+00 -1.759903073257640216e+01 8.461627243884666427e+01
2.312923289042542052e+01 -2.544816071818692649e+01 1.095312483709481199e+02
1.071836629259376252e+02 -7.674179098360941964e+01 1.622270565123164943e+02
-7.247740541537085335e+01 -8.041367242889776890e+01 1.480241365524466062e+02
-4.848395202496217138e+01 -1.839606887375217426e+01 5.996383006452737874e+01
-5.390095413146991632e+01 2.396862773218046883e+01 3.885713125496917542e+01
1.463596363913831588e+01 -5.424745061974243043e+01 1.545492133433733954e+02
5.258162366534639176e+01 3.743920478994942869e+01 9.173467056191068991e+01
-1.581904158166426839e+02 6.846416423297328890e+01 8.999090841403213403e+01
1.916465945392023329e+01 -4.857809039841811938e+01 1.223963983576376791e+02
-9.250128503628069154e+00 -1.856685147899133881e+01 8.474867577535188445e+01
-1.046564872325603233e+02 5.887574695589779417e+00 1.157312633295602922e+02
1.495557136511083627e+02 2.962566499599617487e+01 9.719547462916975178e+01
1.037827744082387511e+02 -5.242901509131608861e+01 1.554480743559875293e+02
-6.688423246343103301e+01 -2.944945877962915848e+00 4.864365621915717952e+01
9.138849794602542653e-01 -4.691953232083525904e+01 1.122003422934140815e+02
-5.190380463938131328e+01 -7.023842548313542977e+01 1.430448205025470827e+02
1.676025113715571422e+02 -3.901737205902766448e+01 1.396902477515164094e+02
1.468150067911246595e+02 3.402283429822253424e+01 1.008755379864835362e+02
1.222074051827872694e+02 6.499066642344459410e+01 6.007788932914650815e+01
1.572851791415634537e+01 8.097755959544501891e+00 8.010153776210832177e+01
8.660713244262954902e+01 2.164576865589376897e+00 8.826727764557764999e+01
-5.056664408384097698e+01 -2.407485238053652665e+01 5.669532296246969594e+01
6.861111120697148635e+01 -3.619193102499538295e+00 1.225825084278491204e+02
5.797885415836384837e+00 2.832538046459350412e+01 5.921399728020046638e+01
-7.702522290180989728e+01 -2.066987402113314332e+01 7.035647258220207334e+01
1.074384123920104770e+02 2.134649565092298751e+00 1.211639058379329441e+02
-1.653462537323390507e+02 3.425771003774133572e+00 8.862706063022346825e+01
-8.832295544293869227e+01 -2.253874309931273245e+01 6.973622298347719095e+01
1.327207559962456251e+01 1.755563015483320655e+01 7.160450467764643179e+01
8.674715540480019627e+01 -1.470772887001549201e+01 6.719949225959972239e+01
-7.415468430519904075e+01 -2.927930610231945252e+01 7.934755713233511187e+01
-1.970616019099224658e+01 5.866720277439720022e+00 5.884470911288569539e+01
7.553093024355177931e+01 1.936315990405077514e+01 6.815937823604785706e+01
-2.790969476532848859e+01 1.899494007872711876e+01 4.356761025098327877e+01
-8.603038934686924222e+01 7.467530693787395535e+01 7.959783555921850962e+01
-7.334145537097948875e+01 2.299853332576828180e+01 2.875255087197881920e+01
-3.600902168852344687e+01 9.229587402960776288e+00 4.719162092748095461e+01
-2.306384961103146836e+01 -1.377273242666788278e+01 8.453859108551087331e+01
-1.072531735088267197e+02 4.382078481484141008e+01 5.425495844809245938e+01
-4.804834320271596937e+01 4.066601627519936102e+01 5.443673405975821566e+01
1.178200098016489932e+02 2.225472315143782520e+00 1.161791259995992789e+02
1.602433094687629307e+02 -3.182449422389027660e+01 1.321325531124321628e+02
1.350301694238917491e+02 3.443789109373802226e+00 6.873136662700871113e+01
4.935728097644150836e+01 8.453221880816512268e+00 1.016467620254728956e+02
-2.605162420162756476e+01 1.701154000970049296e+01 4.622136296125948718e+01
-1.796194875230770149e+00 -1.435322659769414244e+01 8.567915491931995575e+01
3.994040105732187129e+01 -2.052335723994829664e+01 1.172596140282686008e+02
9.309048895473743812e+01 2.671157908909671619e+01 7.356701954444058345e+01
-1.340095357014607913e+01 4.660406141857310836e+00 6.359954501923620285e+01
-7.010950741640865402e+00 -2.630379636731996129e+01 9.223156536028051278e+01
1.359169270813673052e+02 3.742903748925119345e+01 7.754285387224207682e+01
1.535299159496409516e+02 -4.898046848884705895e+01 1.309783750733862178e+02
-1.695669233008773347e+01 -1.051367923220166212e+01 9.130305352467080127e+01
8.496175674596010197e+01 -7.094203654127386471e+01 1.699013076802455373e+02
-7.406790836974587933e+01 1.925906798936789066e+00 4.505536619982713376e+01
1.486966605535558870e+02 -6.042903046281728052e+01 1.433601386763683081e+02
8.333470033664164589e+01 1.148955773375350820e+00 8.696249809681901866e+01
9.136804334305362829e+01 -5.069025588997830312e+01 1.589108435467032052e+02
-1.319678995755997732e+02 -2.218330654143894076e+00 9.813324011994407670e+01
6.181818950749210018e+01 -1.772601521317176321e+01 1.297582966628859253e+02
1.320871267224919734e+02 -2.139554303670780300e+01 1.050200692286178992e+02
2.044866592798667337e+00 -6.308752180264059461e+01 1.548866595198862228e+02
-9.427602793115813995e+01 -8.704872789692423396e+00 5.527371973230508218e+01
1.796862255276854512e+02 2.168005487187546620e+01 9.897392276070516459e+01
1.624006610208982408e+02 -3.242358325768224248e+00 6.953381107455970778e+01
4.927801101160042663e+00 5.239817756464950804e+01 6.326314231756919071e+01
6.952468682556070689e+01 -1.721978961772808248e+01 5.928707242358582619e+01
-1.262433635629577253e+02 -7.028695694099344138e+00 9.602392251542512724e+01
1.496163158453759650e+02 -1.660333957843646857e+01 1.169440694038087685e+02
-1.489861290022104185e+02 1.833392345836207227e+01 1.091574570009167218e+02
-2.943703170678942982e+01 1.091288359252058981e+01 4.917350258402561280e+01
7.916275060261457952e+01 1.779845944480553399e+01 7.162763274132470315e+01
1.741915225816666464e+02 -4.972860039316535641e+00 7.238135915858995872e+01
2.875297948731864395e+00 2.697174597685249253e+01 5.815661218085193696e+01
2.105947461308436530e+01 2.291871974877469142e+01 7.294049012546361155e+01
-9.735203972125598071e+00 3.082881028209688523e+01 4.721465507445606846e+01
-1.391318108967265346e+02 -3.488511122880159743e+00 9.396897460369572741e+01
5.038559998768101167e+01 -4.352928957403786114e+01 1.571922655721698163e+02
8.280851334674825637e+01 1.866318439791795214e+01 7.328655931587674388e+01
1.733213691736266640e+02 -7.586329411757397168e+01 1.476460105805974763e+02
1.718968627088976575e+02 -3.777704639381556007e+01 1.428341576001313342e+02
1.533462928703504531e+02 6.507437141022074378e+00 7.588775496589285297e+01
-1.009506357101936658e+02 4.955800151723891389e+01 5.719561638951455507e+01
1.038601835705720475e+02 3.879051383884055326e+01 8.832760540979943187e+01
-1.577745643000249061e+02 1.563500214494116136e+00 9.030061807864053947e+01
4.711272554306044213e+01 4.926188170189007565e+01 7.928863922159601429e+01
5.975251245347686790e+01 4.112096936954768012e+01 8.921455244350929092e+01
-1.594472158864545577e+02 2.451527425471862998e+01 1.100182770511651569e+02
7.872503005281282640e+01 3.577050932670341243e+00 8.215568533679896746e+01
-1.294827794446611051e+02 -1.233964392071010785e+01 8.988348402219514810e+01
-5.059957727826879648e+01 -1.128546515401947226e-01 6.448156695060293941e+01
1.541408427305407542e+02 -1.923205498383413925e+01 1.219843759566315384e+02
1.916206899673488095e+01 2.386534243490450180e+01 7.103921482474342497e+01
-5.364942553686528015e+01 -5.463775481754739616e+01 5.403325073351972918e+01
6.194681318255167213e+01 1.182166986353693083e+01 6.521098852593615902e+01
7.874337399646991287e+01 -2.158943913550740490e+01 6.769936318856389335e+01
7.150084866417671492e+01 7.727754456347572898e+01 5.386530266811201528e+01
1.649136919965173433e+02 -5.525592005160459763e+01 2.608462310323120903e+01
-1.660779277101755724e+02 1.210212009165337932e+01 9.610779091964373322e+01
-5.182080560715975537e+01 -3.875171017918842864e+01 5.387094089725300705e+01
1.702031687608714927e+00 -4.130685541963213581e+01 1.084339235755175537e+02
4.725449714759800202e+01 4.016960872401446636e+01 8.800916433653470961e+01
-9.859207517740564697e+01 -5.514104585493064548e+01 1.214773881106992377e+02
-1.665157326128932596e+02 2.351217536567421273e+00 8.714969480162872628e+01
3.235518318202949217e+01 -9.495738056817046413e+00 1.042605431711650112e+02
-9.206976244573770174e+00 -5.451046323361374135e+01 7.922871838994731775e+01
5.595673071187330549e+01 7.389048912230202859e+01 5.667829242185603533e+01
-1.398916269262981871e+02 4.940952475131995669e+01 1.391991884247357802e+02
9.587342106717947843e+01 3.330280209814110037e+01 9.545787982095519908e+01
-1.769517210143899604e+02 2.842277308119015800e+01 1.063711402127134278e+02
-1.070943532190584051e+02 -2.895824166232618424e+01 7.539192968290133479e+01
1.042876710863209411e+02 -8.214370014508881468e+01 1.605370248300667129e+02
-1.553236384474055285e+02 -2.732557764029305858e+01 6.571775044885767159e+01
-1.726749627303382510e+02 -4.936655055212401777e+01 3.999202369328389040e+01
-5.940588519125392253e+01 4.663108514037852537e+00 5.887302705790301616e+01
1.624751528193519619e+02 -4.596738755991949432e+01 1.367006342537457044e+02
3.773222857786037565e+01 5.107938612899568653e+01 7.549783904363400211e+01
1.445719214500120131e+02 7.900610635750176414e+01 1.025289754957687194e+02
5.607051472392026881e+01 5.832518618013362044e+01 7.187010200663419823e+01
1.166196028034364645e+02 -3.351632923484169169e+01 9.988938752918235764e+01
-1.519682243863489646e+02 -3.068781956571765335e+01 6.422865648684935991e+01
8.345833516590083434e+01 1.964490814916663197e+01 7.296186494879354711e+01
-3.357149357518688504e+01 -3.630744793000292958e+01 6.851077499141318583e+01
1.064821446955626243e+02 -2.725495319098460101e+01 8.914628442773789629e+01
1.316042938604418566e+02 1.351306426620323187e+01 1.444559642581130561e+02
-7.989239776185134190e+01 2.770465887655798554e+01 3.256755377865371059e+01
-1.229996012998159358e+02 -4.331569695046253798e+01 6.381226231944361871e+01
6.344560596032232525e+01 -4.715047957043553950e+00 1.205820440552290620e+02
-1.386379784811179263e+02 -2.466893202481895386e+01 7.506050996016767840e+01
1.436039610856108482e+02 -6.134706041086515071e+00 1.064059901165842490e+02
-1.665385233737447379e+02 -1.133911401433772603e+01 7.486507347003495738e+01
-1.021411386914083863e+02 4.935841873815871850e+01 5.734174020427472840e+01
1.568095678923849050e+02 -7.828975251926041778e+01 1.520365230608505271e+02
-5.668785159702154886e+01 -1.117544520951323506e+00 5.855686620596278402e+01
1.097303981348682811e+02 2.318987143134895845e+01 1.010336209404705130e+02
4.693431205743797818e+01 2.347735952271869653e-01 1.065875909335183138e+02
9.185075752098299517e+01 -5.645655694700470661e+01 1.631519464798373065e+02
-1.449135682346025078e+02 -6.002267526630837580e+01 1.270328858381083137e+02
-5.512861019258718898e+01 5.066014158684206592e+01 5.969629728620445519e+01
-7.010133000408615089e+01 -3.141302350626171247e+00 4.572480418877874087e+01
-1.357716708422079819e+02 2.155578973280165300e+01 1.178650840777334992e+02
7.289698328813928185e+01 -1.829529442310636256e+01 6.188297026911565979e+01
1.645932123385604200e+02 -7.754890054271739075e+01 1.502623801387349260e+02
1.730321106292297202e+02 4.285497965400441700e+01 1.159653357121024015e+02
-1.307829467921629600e+02 -1.583558086616234917e+01 8.617590397710807792e+01
7.147779994813719950e-01 4.895384710132500317e+01 6.389541942185318391e+01
2.034141881566834797e+01 6.869470928121420172e+01 5.606992639696174052e+01
9.725081847240265631e+01 2.591721686763829524e+01 1.022746249872419213e+02
-6.399386505858460339e+01 -3.056514723853071303e+01 4.405216131633661547e+01
-2.450783313146652986e+01 3.460038454199253266e+01 3.501601069004028233e+01
-1.573062723839005912e+02 -8.049734574080491711e+01 1.475348512243501489e+02
7.801566578838431099e+01 3.910286613602822037e+00 8.144765992427412016e+01
-1.589387357286942972e+02 1.941838279883604201e+01 1.057303570913300632e+02
6.179956732954270393e+01 8.979494028806827899e+00 6.732119177523068743e+01
-6.027441004665110569e+01 -1.798380658954649647e+01 4.926828620255520974e+01
8.838634174942426114e+01 -2.373665993386105200e+01 7.494245170455116067e+01
-7.311342294925708529e+01 6.640990111654252814e+01 7.147269148669825256e+01
1.292126555469971549e+01 -4.622603750779794751e+01 1.176379336774178768e+02
-6.575468967641305085e+01 5.199344097267726994e+01 5.824714508852107997e+01
7.465744655571022292e+01 4.916714966018914623e+01 8.197686465373732290e+01
6.350293774432759619e+01 8.981051017515857993e+00 6.837790256928829535e+01
3.137784893336911196e+01 9.124856959137657597e+00 8.977547740322809489e+01
-1.045449353755928357e+01 4.496164392165368184e+01 6.111503917260547070e+01
6.164120449806332402e+01 -1.062473792706397369e+01 1.242217381928840183e+02
3.727135254047647805e+01 -9.674496209184573203e+00 1.076955269088096685e+02
8.077012896771057271e+00 -3.202387477204285204e+01 1.050069917914031805e+02
-4.814043207156669979e+01 -3.179189774512047961e+01 5.745162255295001330e+01
1.351076093621288692e+02 -2.290994882540567801e+01 1.081991314351845972e+02
1.700652633221180565e+02 -3.330752113891035293e+01 1.404841327085017326e+02
-1.339673989478605698e+01 -1.218207660571547812e+01 7.722634365808698931e+01
1.183670805824702832e+01 1.108648494661307105e+01 7.529802748545910163e+01
-7.437255796179233869e+01 -2.621681322598331221e+01 7.638352791068113845e+01
-5.758205624755089502e+01 -2.113520598342470080e+01 5.099219552695970492e+01
4.361030953917585151e+01 -1.563366292274711356e+01 1.162728756044734695e+02
-2.392544179882437305e+01 -6.781392703756607965e+00 8.639411016741314597e+01
-6.383327379755343856e+01 -7.457323656065869955e+01 1.442955830929148249e+02
-9.245857223556667748e+01 -4.394273752749249695e+01 1.111683109488479886e+02
4.581949399446320825e+01 3.844365748044169351e+01 8.932506782709050697e+01
-1.370124792608391999e+02 -3.192624574607829402e+01 6.920383140820437973e+01
9.465431786741228848e+01 -6.244667011215673824e+01 1.654778863386798946e+02
-5.798928339624493589e+01 -1.829432256978437366e+01 5.128975117895766545e+01
-6.555771476666784281e+01 3.862563791044892270e+01 4.567095827008197517e+01
-1.586893322034196103e+02 -2.376526927771319109e+01 6.735948751974655124e+01
-1.612808607390665472e+01 -6.464983806257475862e+01 1.491812084696416889e+02
1.003076944182082286e+02 9.941055272789702357e+00 1.166465072077605072e+02
1.418494002221143830e+02 -8.164938883625569588e+01 1.555469711317770418e+02
4.301480461215076190e+01 -3.253035717743797761e+01 1.272433387089508585e+02
1.114408108532573607e+02 1.726043776526988438e+01 1.057918852383201624e+02
-1.770866745849932613e+02 -4.699284998075202502e+00 7.623370277067081702e+01
-1.808375485736617705e+01 -4.801023512637201662e+01 7.642482958648767521e+01
1.284479537626250476e+02 -4.730158060755489657e+01 1.144859928407610994e+02
-1.851767211898336996e+01 6.127113707973518331e+01 4.782165649829625664e+01
-9.673764525233967504e+01 -3.397667501492296793e+01 8.030615979630553625e+01
1.549572438569079509e+02 -6.997615569744397135e+01 1.478679824333283364e+02
1.634402170565783194e+02 3.541760128860212831e+01 1.062498415801859863e+02
6.143292931930094625e+01 1.517376772399549711e+00 1.143245907363452147e+02
1.200051585123659947e+02 7.829036137193965850e+00 1.102495332414023466e+02
-1.602610355243394622e+02 6.447781407576535173e+01 8.994232245504814216e+01
2.319240883896895511e+01 1.303715390261428730e+01 8.148170858215118528e+01
1.410161804333889677e+02 7.224920359829354766e+00 7.355500245913546564e+01
-1.527712788389822549e+02 6.577368475467325615e-01 9.171525611809437351e+01
3.704915531637405479e+01 -3.056900049052656243e+01 1.220606750467868267e+02
1.756898773283892581e+02 -7.188447544395819477e+01 1.443067621042065412e+02
-1.702792386741457165e+02 3.541634290009842090e+01 1.151660623145889275e+02
3.642570729050569867e+01 -2.980688477976887896e+01 1.211568930663770800e+02
-1.770986595257454326e+02 -2.738666560457257759e+01 1.493146861266313579e+02
-1.514796869649093480e+02 4.194578508356238444e+01 1.283642837648241368e+02
8.568915202509133167e+01 8.994492678766171423e+00 8.243569038088573109e+01
6.982698929950045397e+01 -5.689052441116445635e+01 1.706650244050333640e+02
-1.560276435996294708e+02 4.214497071208813850e+01 1.266358776091265810e+02
6.401589221842530719e+01 -2.926946383690100628e+00 1.194487915952463624e+02
8.710943717076077064e+01 -9.255819755480935385e+00 6.349624915534678848e+01
4.105024292023671961e+01 -3.887285562490817359e+00 1.059162244122248921e+02
-6.662371092356441693e+01 6.980771419022292434e+01 7.527042129810725157e+01
9.684120693988484163e+01 4.690532340127791855e+01 8.212051666914935311e+01
-3.357748956236869731e+01 -7.770539123762803513e+01 1.516549730941781888e+02
-1.629603131378210605e+02 4.229127218050270898e+01 1.239679885712463658e+02
-5.921561188514043295e+01 4.812769660719582276e+01 5.621469778727173860e+01
1.621914525253685895e+02 2.018232487437425959e+01 9.153236370482784423e+01
-1.500837381593647706e+02 5.785350309433025018e+01 8.342267644756127254e+01
-1.344986531884242140e+02 4.446620731285126027e+01 1.377401219520577058e+02
-3.026338683904429772e+01 -2.267975869605551154e+01 7.502266731071594563e+01
-6.975503747044710678e+01 -8.024444313892452385e+00 4.383512770997896979e+01
-1.602385912381746209e+02 2.559643428346083738e+01 1.106316616864632607e+02
1.280051806124945557e+01 -6.190960323884153738e-01 8.457345264295302911e+01
-9.701141917231457512e+01 -5.038897593394676733e+01 1.169489045069691429e+02
2.917731969011789417e+01 6.452308587282210794e+01 6.149215901643738391e+01
3.069489367436495897e+01 1.083939130329183875e+01 8.804709902572757585e+01
6.930376050660949261e+01 -2.003487118029661218e+01 6.162319768470702996e+01
1.465242555701042022e+02 9.994378876894890240e+00 7.747006594243578093e+01
-7.399517890399309294e+01 7.552683119426984604e+01 8.047896826804606007e+01
-1.789768622181666444e+02 4.118941962295460257e+01 1.170826373049571743e+02
-4.632234524111561313e+01 -3.299669564716518977e+01 5.880027359534933140e+01
1.347835928079012717e+02 -5.304337949748865810e+01 1.431558196156833276e+02
-1.451559984694947936e+01 1.208782810681287145e+01 5.714301977830889712e+01
-1.515800238889227671e+02 4.486703769676384468e+01 1.307103925319859741e+02
-8.449636446184760530e+01 -1.787033540894093520e+01 6.583193392825603496e+01
1.607190128650615009e+02 6.311015844244779771e+01 1.069451055494065628e+02
5.483822800783789120e+01 1.547605686639279554e+01 6.095462349821180226e+01
3.023722547516897663e+01 -2.763652982149175585e+01 1.156533681425292457e+02
1.770686767764210288e+02 -9.964183060241568413e+00 6.900942537498718821e+01
-3.536474225443735975e+01 4.524849478553247195e+01 6.430953995451744731e+01
-3.624206290332564606e+01 4.573903659093061691e+01 6.413648983336415199e+01
-1.360465566787300418e+02 3.562042609832589335e+01 1.298563506908828344e+02
1.172898630947850904e+02 7.800103082075725780e+00 1.116180921229758525e+02
-2.463778264385888406e+01 4.973803871966290302e+01 5.059443694786217094e+01
-1.280722556101313216e+02 2.544607357384616009e+01 1.246556372551313530e+02
-2.428178114180634140e+01 4.620844666082759744e+01 5.275571687794921871e+01
-7.105759577046406150e+01 7.603077204326793037e+01 8.108046096190770413e+01
-7.608410817261429315e+01 8.309931653890451742e+00 3.085662292584984101e+01
-1.615033308513017403e+02 6.651605619631021682e+01 9.083307415528030049e+01
4.266973293289778724e+01 4.105252592830723302e+01 8.607604758351600083e+01
1.643968033831709477e+02 5.851439148717619076e+01 1.069636011413383159e+02
1.171714002293271335e+02 1.886329388848773547e+01 1.019427071552988480e+02
-1.392671118220465871e+02 -7.434640874104130148e+01 1.404459833590701408e+02
1.675904913086596650e+02 8.288653181502229472e+01 9.745412600170718065e+01
-1.241663138529131061e+02 6.544596771866359575e+01 7.709921210982852813e+01
1.387517964309504066e+02 -1.994250726023768738e+00 1.000811447395776810e+02
2.557837544118341100e+01 -4.681584936390875029e+00 9.616223452486650558e+01
-1.487721322091166485e+02 4.477938212561770825e+01 1.318138260819252707e+02
9.248807116087920122e+01 5.039129877386456258e+01 7.942996834147720620e+01
1.588361836555340858e+02 2.043436254070424241e+01 9.076695235157392005e+01
-3.114799814075833595e+01 4.534317615470034468e+01 6.675504873488087298e+01
-7.332520509349994597e+01 -6.679267825384762602e+01 1.360122882379368434e+02
-3.937530598113895053e+01 -1.649601445240922715e+01 6.882525029831990082e+01
-2.014676095891818264e+01 -5.864236986906895055e+01 7.218769882359323731e+01
2.517147438746239274e+01 -3.806875811556580658e+01 1.192918739730467905e+02
-2.072657906944857586e+01 4.165714738317377908e+01 5.753900886768230549e+01
1.063401034156114093e+02 -3.500499178141709677e+01 9.396939974414596009e+01
-1.544948038949523834e+02 3.100450418973931477e+01 1.178180534396868637e+02
-9.583340111617739865e+01 -1.023676148976132971e+01 5.666560019451375751e+01
6.481590513412916721e+01 8.470370130205809289e+01 4.639033120700785418e+01
5.325716671626422993e+01 3.931011765887057408e+01 9.003703443722969268e+01
6.627599014276681544e+01 6.651268220704966438e+01 6.450437325235564856e+01
4.020040535760860934e+01 1.069560977937749513e+01 9.425696311910975567e+01
-2.996823832654314046e+01 -1.130166867940634035e+01 7.917507102069831149e+01
-1.048848833695462304e+02 -3.161144930120682162e+01 7.792328449992351125e+01
-4.115480035544139525e+01 -4.771928474965460509e+01 6.133023103423105482e+01
-1.710523346879086830e+02 2.615159970189283589e-01 8.329799011501113171e+01
1.506679680174865439e+02 5.488488015614559146e+01 1.153084679415130438e+02
-4.440167441816635119e+01 -2.767387593410785485e+01 6.137053731106472299e+01
6.136291395476220600e+01 -4.636197068247903985e+01 1.609363019326350752e+02
-5.165187355357802090e+01 8.663917062670569180e+01 9.191358322144024839e+01
-6.012169415103740988e+01 4.270145916343533798e+01 5.106852778112295255e+01
1.515604964721603665e+02 -4.698865897421343085e+00 6.464605651233208050e+01
-1.796854127118380120e+02 -4.463941677130461194e+00 7.535317361156150184e+01
-3.707587231816174267e+01 -1.148813095544666218e+01 7.259280500838222849e+01
-5.499739153565218430e+01 1.159901363776037897e+01 6.616830936932612417e+01
1.390628984757641007e+01 -1.144023211027648657e+01 9.336671885841514040e+01
-9.282595880705019908e+01 -1.031374099145759260e+01 5.702854819001371567e+01
1.661456373105078796e+02 1.061316625156626614e+01 8.381926117768470874e+01
-1.506348358373743324e+01 7.510244686203984088e+01 8.861818420596991075e+01
8.491460765120505982e+01 -7.400281641983104919e+01 1.684307402887179137e+02
1.791212905677800222e+02 1.181379335849227807e+01 8.973028326863676796e+01
1.672697627964344491e+01 -3.630803398180757569e+01 1.130823611614408577e+02
4.297535347797580840e+00 1.136359096186642859e+01 7.002603692166729843e+01
1.496297450063740655e+02 1.657775707097690088e+01 8.459670048156050370e+01
1.274096305017182296e+01 6.174746213130529782e+01 5.926029796833920926e+01
6.957065825605754128e+01 -5.290228889345435448e+01 1.668979582774160804e+02
-7.169545467275622741e+01 -3.350167447260015052e+01 3.762795762847626690e+01
-1.037189996640696990e+02 8.731791850464341920e+00 1.187235731945140458e+02
1.306815857802216669e+02 1.765814276887893186e+01 1.479624745777745431e+02
-1.265478143106585662e+02 -3.053107712182661260e+01 7.430408104812499914e+01
-1.714948810992596862e+02 9.354770047682197998e+00 9.132457477923647104e+01
5.380083074347259497e+01 6.274083654028495971e+01 6.731729293919937618e+01
1.052348495796558865e+02 -5.269758784515482830e+01 1.550531139871570190e+02
1.732352994090754805e+02 -2.859924387240585730e+01 1.417098409268719479e+02
-8.068110044327879393e+01 -4.226491042864515180e+01 9.033494872407698040e+01
1.515495176973548723e+02 6.609986608752370785e+01 1.089553255188424856e+02
-3.653810529967618947e+01 -1.198107771248564823e+01 7.291569521193426340e+01
-1.723436612288831782e+02 5.495371838485285210e+00 8.747492843666532281e+01
1.153110232816248697e+02 -1.569295275571840165e+01 8.861918545639387901e+01
-7.897932980823310345e+01 -1.966140745982022153e+01 6.886102329922006504e+01
1.306622330003102093e+02 -3.082553972804220876e+01 1.086245022262105522e+02
-6.632185453341911341e+01 -1.598162428002069824e+01 4.422389265077110565e+01
1.006022247219288772e+02 6.233753853406354996e-03 1.258511345021199048e+02
-9.169692025131392654e+01 -5.995624787281145984e+01 1.269216521654765586e+02
-5.300503328550109927e+01 -1.655447471735438469e+01 5.633785035068828506e+01
1.402117866319674704e+02 -1.866577972233947236e+01 1.102136164086077770e+02
-5.411533296842281260e+01 -2.430247647153458246e+01 5.347840771943926796e+01
3.602088521298207269e+01 5.502597136506661712e+01 7.147654436670995892e+01
-1.579707231776006138e+00 -5.797415556791454705e+00 7.912976633769403634e+01
1.731291631219557701e+02 -4.364903406467291802e+01 3.812187850160268709e+01
1.312548141421013099e+02 -4.185526613843077115e+01 1.140497033651299716e+02
1.469104949921272123e+02 -1.092647808179511237e+01 1.117554078684583772e+02
5.512770973769096194e+00 3.061958999223420363e+01 5.753567439036851994e+01
-1.134092195934680092e+02 3.747306514300069580e+01 5.215770538761453423e+01
4.322005710999824402e+01 -4.854616975469710383e+01 1.604641712116620624e+02
-1.780744899830830263e+02 3.845621342368373519e+01 1.149643083666759793e+02
-1.418912618261581997e+02 -2.177005246537027006e+01 7.633300805064700967e+01
6.275814804019510973e+01 -3.352134713115970044e+01 1.480935787656821674e+02
-3.970340601519582435e+01 2.284085504846497372e+01 3.378748595716367475e+01
-4.222964317518183464e+01 -1.420617051797223773e+01 6.694750130926531995e+01
-1.403452799983314776e+02 -7.067773493649717409e+01 1.369538191418730264e+02
1.752340694317011582e+02 3.503025488668433240e+01 1.095604018835514921e+02
7.249014584746953460e+01 -7.806167960088448865e+01 1.669832598582451340e+02
-1.737934414627987394e+02 2.533574947123711141e+01 1.048120950987240434e+02
1.663124515993206955e+02 -6.073108609588004470e+01 2.360962307433908691e+01
-9.072332946269224863e+01 1.416016965564571528e+01 2.110487659006406247e+01
-3.013093030466627464e+00 5.450047278134130835e+01 5.840504379925468470e+01
1.718457991625564603e+02 -2.720200554588557296e+01 1.400724452895077263e+02
1.209205131101902424e+02 4.798785400158991621e+01 7.484084265011792070e+01
-1.193146406713146774e+02 6.430991714104150958e+01 7.487168589824024423e+01
-8.419431850861627709e+01 -2.572255137757244015e+00 5.103191133400412127e+01
-5.247074764967297256e+01 2.560338418770120583e+01 4.092786558794288965e+01
1.663641697540701045e+02 -5.225883450045432532e+00 6.911863456601547284e+01
-9.785830922247077979e+01 2.426307254584981266e+01 3.359892544931995673e+01
1.193556729947125916e+01 3.130127144781450355e+01 6.129297226321314440e+01
-1.423232781555070687e+02 -3.486059533725057946e+01 6.454190041875773431e+01
1.754629334994942269e+02 6.840968650902390813e+00 8.373521229231269558e+01
1.948089544509756976e+01 -6.843331133845313730e+01 1.634578422976805143e+02
8.056178064503542657e+01 4.062886296123140006e+00 8.295151607930299065e+01
-1.642207972929053739e+00 -3.705022717766608054e+01 1.035170907504450781e+02
1.170042651958491859e+02 3.524333991369065444e+01 8.743650939479310580e+01
-1.383155558009725610e+02 -3.874034418104856314e+01 6.267729329706909880e+01
-3.993285377825837035e+00 -2.194108359776254513e+00 7.481471169126103860e+01
7.863223283574839684e+01 4.583804636609505678e+01 8.520535835321335583e+01
-7.158339972420149877e+01 -5.940080220702585478e+01 1.295758194782103203e+02
-1.560826507874447486e+02 -7.814645321414198520e+01 1.453532086781483201e+02
7.622619238903752148e+01 -3.962172938956809887e+00 8.641337483769024175e+01
-1.533073859089125790e+02 -1.650367735153800908e+01 7.614045727552506548e+01
1.281026002682700948e+01 7.876987974763295597e+00 7.829865115845619528e+01
5.151875807263533602e+01 -1.436196468364044776e+01 1.206040762427413284e+02
-9.699003133698417045e+00 2.780687654536639286e+01 4.915860585470933586e+01
-9.273612709564450540e+01 5.800565610005048001e+00 3.673022409710901570e+01
-1.048879022236806122e+02 2.479794425964400517e+01 3.788269817348113833e+01
-6.941376850896236306e+01 1.580496823660927141e+01 2.840099295253491363e+01
6.146931686839798914e+01 -1.728151272879633993e+01 1.292052254080264504e+02
1.583568878855717799e+02 -3.113707358890013310e+01 1.303868659787161164e+02
2.991823551106297074e+01 -3.070987363983877927e+01 1.174973182608678286e+02
2.339176870736286773e+01 -2.192293558210845106e+01 1.072166265997239805e+02
3.262571777676554774e+01 3.541258509052943282e+01 8.823403970702923971e+01
-1.794097447469955569e+02 5.444988061777043242e+01 9.904070634472338952e+01
9.763948507588756343e+01 -4.080049569277321098e+00 6.777324687566010653e+01
-1.089536133216324743e+02 8.696867659410730766e+01 9.218476444086016386e+01
-1.383179991523788210e+01 -7.568771490070187724e+01 1.550302061207343343e+02
1.566332565670234374e+02 -4.755284156607248036e+01 1.328601419183276846e+02
-5.334574447557096732e+01 -2.247566553859882887e+01 5.454191349881645579e+01
4.187271305839718138e+01 6.547288982844924021e+01 6.309828074017504917e+01
8.015599976887564537e+01 -8.106046447229147134e+00 5.797402246495470024e+01
-1.378904102427885334e+02 2.532193409547758378e+01 1.202246170093053621e+02
-1.783901993285652452e+02 4.205697754006313005e+01 1.180546742663397737e+02
2.557787112398825968e+01 -6.428118126619398254e+01 1.647402999954602478e+02
1.753932700188670424e+02 6.466969514825960630e+01 1.003319942547397972e+02
1.416907928463202211e+02 -6.921776921927212811e+01 1.512086522918261835e+02
-1.709970803632562308e+02 4.162210994630740402e+01 1.203200127773350800e+02
1.488680668794735595e+02 8.592773816708058732e+00 7.668764536751893957e+01
-3.450505775904689187e+01 -2.701608544122248645e+01 7.005795154962919469e+01
-1.635088943392137253e+02 -4.347488096851953543e+01 4.852845538919493151e+01
1.054704067619897785e+02 -3.400758319012575726e+01 9.278170227327261443e+01
-1.348868209225797727e+02 2.045520459526446455e+00 1.007835842171720486e+02
-1.006019621444191614e+02 6.940070787644568640e+00 3.011117638361557880e+01
-3.625178147870071399e+01 -2.259831017293564059e+01 6.978409133751216586e+01
1.798396595545360412e+02 -2.746368644946931425e+01 1.468007046878388451e+02
1.875231376070210842e+01 3.874011436785779949e+01 6.076287369028482033e+01
4.446668950969465328e+01 -5.426773700190570260e+00 1.093173677077580521e+02
-4.646011494737069825e+01 -7.634224082278264234e+01 1.485139230712337337e+02
4.250116718247573289e+01 7.774257877687983154e+00 9.795531225260663177e+01
-1.672314657829887778e+02 -2.895765159336380279e+01 5.906514606899973074e+01
-1.028747415739543385e+02 3.388631771003616677e+01 4.406921475477275862e+01
4.568466581648488045e+01 -2.723993181377948503e+01 1.256669994750533732e+02
1.416409300027275435e+02 2.158814721199975040e+01 1.549061488651300635e+02
-1.526267934411209239e+02 8.980660366695465413e+00 9.922500581583416590e+01
7.650269578503932166e+01 2.841288479992205041e+01 6.223207049940053537e+01
4.809782197719069785e+01 -6.793335503436053102e+01 1.740057928577880091e+02
-3.556632005947867015e+01 -2.354308699039289721e+01 7.011415332975253989e+01
1.577032428165263127e+02 5.296532674857858325e+01 1.124877704079229090e+02
-1.331597199572474040e+02 -4.200632371683516908e+01 6.166300051213450217e+01
-8.623444483513929981e+01 -2.087313706091342169e+01 6.843905613240713137e+01
-1.449757834957640057e+02 5.705497048921874814e+00 9.969523796776961433e+01
-1.621675660773390746e+02 6.341788535355092193e+01 9.057047104359619993e+01
-9.462193320470132107e+01 -3.649591386546649829e+01 8.293299075485919047e+01
-2.915468432090233364e+01 3.356866361901263929e+01 3.253494579084246396e+01
1.002666438033957341e+01 -1.392043293558528916e+01 9.270394673164601329e+01
-1.565078706535038009e+02 1.079336626619458173e+01 9.912021800516045289e+01
-1.664438038426283697e+02 2.817262832387725879e+01 1.103039169645112167e+02
7.774397704995058689e+01 -7.517609321166738745e+00 5.597388132223131407e+01
1.795035095463467769e+02 -4.363653225835967220e+01 4.096725422195522270e+01
1.499847951851608343e+02 3.166504907869870777e+01 9.926097964700073817e+01
1.639463764403466826e+02 1.777013538478366073e+01 8.980960116550471639e+01
5.787542730611217934e+01 -4.568217933163493427e+01 1.601378109396538036e+02
-1.205226950195533959e+02 -6.921334223834264776e+01 1.346474198452476969e+02
3.922823421955596856e+00 4.714557142232033016e+01 6.668173353223298250e+01
1.569808059693605742e+02 2.275973108488049679e+00 7.293766437945465952e+01
-9.194394075452834159e+01 2.360022459616271462e+01 3.051530846818936737e+01
-9.941797154052950702e+01 -6.820834354130019506e+01 1.342796964585117792e+02
-1.063848586834105134e+02 5.141188241474868903e+01 6.041854292110003399e+01
1.786625473916083706e+02 1.875101951346677609e+01 9.590687970593812395e+01
1.013423950229311856e+02 -2.003598415480492179e+01 8.088579924198985793e+01
4.312454149245057522e+01 -8.613512204309242293e+01 1.590481712675006634e+02
-1.656723884741181507e+02 -1.246705695158534688e+01 7.424413752449629555e+01
-1.411559714907586454e+02 4.225679003320946236e+01 1.330548243205431049e+02
-1.314593008785323889e+02 1.601197091700205632e+01 1.148302630286720643e+02
-1.082076109104228294e+02 -2.505512150397704474e+00 1.066489438761854274e+02
-7.619853283186290582e+01 3.064920765560435001e+01 3.575772568127498374e+01
1.199606694779106704e+02 -5.554211376805272238e+01 1.509640688109894597e+02
-1.156463680450445111e+02 7.277141574943574653e+01 8.074020528686452280e+01
2.930707471378801188e+01 -7.043039614249001090e+01 1.669701152682700069e+02
1.222601509073606110e+02 1.367727692666644401e+01 1.040884922350130068e+02
1.485421977622349630e+02 3.412557217911191998e+01 1.013282676956878703e+02
1.782372344868471998e+02 -7.222288471444656466e+01 1.440604735165130137e+02
1.233522708630869715e+02 -1.419280219361760764e+01 9.414046602521365514e+01
5.011349823483755728e+01 4.769870536293181118e+01 8.134736588796276635e+01
4.156278693988815576e+01 2.078295574728771911e+01 4.854159370720236666e+01
-9.230931680531686823e+01 4.914189560433242576e+01 5.494447544706884656e+01
-4.405686410544348952e+00 3.821848394558291062e+01 6.905154749333797781e+01
-1.502240794263744021e+02 1.208190548910511453e+01 1.030594233840876086e+02
-1.142335183243725254e+02 1.738503805383243872e+01 1.231327225606216160e+02
-1.046886673642821108e+02 -8.694247116400864783e+00 5.502514549118988896e+01
1.657777206798533598e+02 2.465851789493379798e+01 9.686560251042091352e+01
-6.104891107839950593e+01 -7.405442830018365896e+01 1.443192525229429464e+02
8.516913888831888713e+00 4.100884871129396458e+01 7.349425330429340875e+01
-8.355793230050419140e+01 -9.533647958338933748e+00 5.792883373454353801e+01
5.405163164797865250e+01 1.140775439794965607e+01 1.020219522110519392e+02
1.087881058712314513e+02 4.060396116248151799e+01 8.528010935860292818e+01
1.430765230267599009e+02 -1.359216032253174111e+00 6.562746733795313503e+01
1.138373723337885792e+02 3.292283894315917081e+01 9.067359498071880353e+01
-1.330628630430557848e+02 6.966734969763290053e+01 8.242626620353597389e+01
1.596657850270974279e+02 1.457287950320099590e+01 8.544616948934685752e+01
1.523482882081036109e+02 5.688304934868909868e+01 1.134880812314712415e+02
-1.768150013010167640e+02 1.622013077802215930e+00 8.208084405860235222e+01
9.217960139666337227e+01 6.643237578659427811e+01 6.383524727887373018e+01
1.065390282940308992e+02 -2.487833857327256126e+01 8.767890916416959612e+01
2.395616435460657456e+01 2.046638720973295023e+01 7.657501628050412990e+01
-9.095246791056398195e+01 -2.192292526556809662e+01 6.877071849325895414e+01
1.650493578194367501e+02 -4.128657435288024402e+01 1.380815660599710100e+02
-1.771149886848013182e+02 -2.731223244167118835e+01 1.492745260732870065e+02
4.330960401825576866e+01 -2.224653720707849658e+01 1.207182806527572438e+02
1.365662757771982001e+02 7.135554140994283046e+01 1.095047727031479212e+02
7.688409620479463058e+01 -1.229316065215628839e+01 5.917513020888088704e+01
2.281362719813007783e-02 -3.453949769880342302e+01 1.024485840649958277e+02
4.350301613189722616e+01 -1.950669075103228778e+01 1.189486478236246541e+02
8.291426997411285527e+00 6.335769455895952973e+01 5.667974556775452299e+01
-3.613589830926336077e+01 6.423187839049804282e+00 8.032555961076711526e+01
-1.529129372353794452e+02 -7.516998498388188565e+00 8.433236714679824786e+01
3.888195460212232035e+01 5.361117261019795421e+01 7.344687703162361458e+01
1.440675462034036798e+02 5.216674125466505885e+00 7.225450801537581924e+01
8.943691393674212975e+01 -2.079572019060037746e+01 7.341246306347647987e+01
8.131068136724952922e+01 3.224703957615676586e+01 9.860269469057294600e+01
1.571020473894155884e+02 5.056147298665496237e+01 1.137754902291203649e+02
-3.766612291367038523e+01 2.192411028641088677e+01 3.563517122681763283e+01
-1.050742892345252102e+02 -6.780663729687879560e+00 5.313645549845024618e+01
1.029790371934024193e+02 -6.499989456244526309e+01 1.630752376562987251e+02
-1.510691695498034335e+02 4.707554190432836805e+01 1.326969427448628664e+02
-1.441582214699723181e+02 -2.708425889817532095e+01 7.066134648341302693e+01
-3.606350289744242588e+01 3.103433973283628333e+01 2.972225038726588409e+01
1.296426197298402485e+02 -9.773921331954452896e+00 9.682760154278727782e+01
1.103275632270598372e+01 3.652272983992229882e+01 5.739119962714436696e+01
-7.867959237081480239e+01 5.353930551379192337e+01 5.841753019917361911e+01
1.217972282907030603e+02 -3.503491276496799856e+01 1.043055120484176967e+02
6.487050596670795244e+01 -5.394722306723462424e+01 1.684290577515378402e+02
-6.334396155482451007e+01 4.139381287233622686e+01 4.887440732216601447e+01
-8.040841434559207812e+01 6.901459622628902935e+01 7.386957721215556205e+01
-1.030834799288981145e+02 5.390622000919498280e-01 1.111083250406958882e+02
8.561724228936391512e+01 -3.508210343615783700e+01 8.210807713074338210e+01
1.651778886233846038e+02 1.185832598745492206e+01 8.465708630923253963e+01
-1.516684222846940031e+02 5.829712596350046994e+01 8.436048532314799786e+01
7.991902173959661582e+01 -5.652929778465486521e+01 1.676124381485705612e+02
-3.686878361868037501e+01 -2.837968509379233595e+01 6.768052573078178114e+01
6.409983289439125542e+01 -2.630602630082938376e+01 1.373686066042812968e+02
-6.082115619865344769e+01 -3.965645813723331514e+01 4.693277972152501576e+01
5.886590704253840300e+01 -1.910367993505071027e+01 1.288702291306097436e+02
-1.299914380451325542e+02 2.851826763043879964e+01 1.264934682607678980e+02
-1.366601573599977293e+01 -7.767761627243422140e+01 1.555868328499517474e+02
-8.826317954532440169e+00 -1.238457508268630924e+01 7.997313890458546837e+01
-4.652209306491307927e+01 -1.567002717587935301e+01 6.255040965233681760e+01
-5.716265173654689846e+01 -3.484409350191984345e+01 4.968582864187029458e+01
-1.095272506968231170e+02 -4.312236213889460856e+01 1.087512112767726649e+02
1.919772682749595560e+01 -4.744168637638772879e+01 1.217228402794657711e+02
-6.011918298487888279e+01 6.918365203159088139e+01 7.537375399623530825e+01
6.182909598580638999e+01 -3.504166609528906662e+01 1.496181408079237940e+02
-1.471922819819407664e+02 -1.246514386728076795e+00 9.248087157680268433e+01
1.509193587011316140e+02 2.399928107680660716e+01 9.207784585424833779e+01
1.782728942364079217e+02 -4.839035497861641488e+01 3.676669307668030484e+01
2.063741658223640840e+01 -6.278462841433696262e-02 8.942369665039453253e+01
-1.671263501031568524e+02 -3.888961488481479023e+01 5.071313595374493843e+01
1.368470277636328092e+01 -2.071476000072986423e+01 1.000904944965280237e+02
7.991846408043421945e+01 6.587929076470099687e+01 6.516341584786299279e+01
2.755569057945488609e+01 -4.020684770164432820e+01 1.220717335352600230e+02
7.272176576041506024e+00 4.105701935169831529e+01 7.286887278178085126e+01
5.014720279122025914e+01 -7.538725900173162131e+01 1.693330179602106114e+02
-1.621198958080841521e+02 6.444214865047892715e+01 9.072344917428782196e+01
-4.525342529638925271e+01 2.752447890520348395e+01 4.705933474223635216e+01
-1.435836709129064275e+02 -1.700543605660378788e+01 7.989388990996967266e+01
-1.785976427530538402e+01 2.207154980054874827e+01 4.761853135496899370e+01
-1.777860103177196720e+02 6.471276497986151810e+01 9.743686491681371820e+01
1.448259549539284023e+02 7.389040760435591437e+01 1.059736977160599878e+02
-1.457627646641138597e+02 -4.933875164701396443e+01 5.085652656079925293e+01
7.624834201739793116e+01 7.043661959287267393e+01 6.069582146932393130e+01
1.591798499531542745e+02 -4.989808693547284690e+01 1.347154321543643221e+02
-1.003729917411720720e+02 -3.978853012048985116e-01 4.663656309414412249e+01
4.325609510951036185e+00 6.548521727906538104e+01 5.398142125438578631e+01
-1.033982609081031967e+02 -6.018759454682376031e+01 1.260899777866369789e+02
1.165908484193033274e+02 -6.237938601949634432e+01 1.565203422268041038e+02
-2.212591138665334967e+01 3.015115119477383843e+01 3.932863140301330418e+01
4.801516357717176930e+01 4.078027186191993536e+01 8.759046678435787214e+01
-1.576020049867535988e+02 1.374616200756783613e+01 1.012710534136884917e+02
5.137649018699577397e+01 5.377337002773203523e+01 7.568892866932205266e+01
-4.728567401476124843e+01 5.342491757326730095e+01 6.466251052377903363e+01
-1.240429654439242313e+02 4.129534566227405890e+01 1.756708678333906164e+02
4.165227007893876277e+01 -8.596270755985122136e+00 1.098278537651429758e+02
-4.635504385829597851e+01 -1.397053627584916846e+01 6.323314399240301498e+01
-9.212601088629200774e+01 8.185081654972348986e+01 8.686780704615394200e+01
-7.637386528354001314e+01 -2.329943174506328418e+01 7.304598016147296846e+01
1.585681422201929820e+02 3.229656395230496457e+01 1.019639310505910998e+02
1.319242735871103491e+02 -6.288871157940675971e+00 1.151481579437333949e+02
1.842562885942734097e+00 -6.021901904956773421e+01 1.531797866403067303e+02
9.418178243819218665e+01 -6.172652889310938917e+00 6.649248162135042151e+01
4.206695499871864286e+01 1.195730526412082995e+01 9.444796797917267384e+01
-1.144516287538533561e+01 -6.736508369381384398e+01 1.522823377993815939e+02
1.301678985130363913e+02 4.088673595895439661e+01 7.731802258613076617e+01
-1.465057224726884613e+02 2.482998890220890154e+00 9.613026362637666011e+01
6.990608598465964008e+01 -4.086256586865135887e+01 1.550192751922576804e+02
-4.868652033971637394e+01 -1.895087970345114670e+01 5.962776062745189876e+01
-1.304981176966231544e+02 -6.629697487459813487e+01 1.320202232395175201e+02
-8.918337888966648563e+01 3.598123150986396013e+01 4.161305665838333567e+01
1.564761844508351203e+02 -4.164179155078129924e+01 1.318105397973094455e+02
7.585210874095517397e+01 -3.932556345989923585e+01 1.526909123471145904e+02
8.284853054039538733e+01 -3.390544399167142586e+01 7.978688567793867037e+01
-1.568361613448417700e+02 8.380233324492017744e+01 9.335149502566457613e+01
-7.086393736089709350e+00 4.115885264694084356e+01 6.550903758582821013e+01
1.098020883508515766e+02 6.928423364318531341e+00 1.158229894006734639e+02
1.499139575786200052e+00 -1.432454609335855267e+01 8.765720384534563436e+01
3.580454821000418519e+01 -8.113804774691887189e+01 1.629587930910871307e+02
9.101182819292662884e+01 4.737699692549742281e+01 8.258032664081848395e+01
8.541256140876583913e+01 9.938758980962976608e+00 8.153758610555929920e+01
1.097996627921709489e+01 -2.634315200836604021e+01 1.025488747743068956e+02
9.609116160343064905e+01 3.583861565303461560e+01 9.295888698005222750e+01
-5.949495242088848812e+01 4.503891747853021599e+01 5.336034663428888791e+01
6.722810155604796023e+01 2.095211552762811635e+01 6.170157088459227879e+01
-1.401570377141638630e+02 -4.555497414113323629e+01 5.608801291424642699e+01
-7.502808151481657717e+01 -1.311767506091473801e-01 4.309538993312353483e+01
-1.150824599306319982e+02 -2.001184999277519339e+01 8.791095582682041254e+01
2.105797401378354294e+01 5.870730776193685552e-01 8.922638030047724556e+01
-1.170365050128821025e+02 5.811515556247353942e+01 6.940167520019117831e+01
-9.394557828412468226e+00 3.296783321108303966e+01 4.613897768212149231e+01
4.507007502728956183e+01 8.124163564679645333e+01 4.899636279208282019e+01
1.273953650357174894e+02 -1.121025624085959826e+01 9.577137844453690718e+01
1.738887443535848263e+02 1.220210208316100520e+01 8.808031698201281756e+01
3.671292105058040534e+01 6.674019945566775469e+00 9.509781925899618216e+01
1.056623063510918712e+02 -1.119546782342189850e+01 7.842534686387655540e+01
-9.002376110413007382e+01 -1.578158069316172707e+01 6.281164595374485060e+01
-2.996760918422803144e+01 -2.722204829642092250e+01 7.386637439812156458e+01
-3.283771852382317746e+01 -6.176022898157911101e+01 1.417141146045709945e+02
9.806346934917668534e+01 -7.139762235096044130e+00 7.004988079997690420e+01
-1.597835851283268198e+02 -3.295588348174089788e+01 5.891344354392008853e+01
1.037329068768921871e+02 1.216554806636976416e+01 1.133947809941371503e+02
-1.477249150479863715e+02 -1.534426930287766844e+01 7.960812275391552362e+01
4.716895209257810961e+01 -6.782167002440884573e+01 1.737032837858050982e+02
-1.386026044886408499e+02 4.455678052372147846e+01 1.360077502065877582e+02
1.153440386544494203e+02 -1.282137430764429631e+01 8.696503967365187293e+01
