-4.816403688348325574e+01 6.880551691620556198e+01 2.086999999999999966e-01
-3.708380450515233129e+00 3.814863418497778724e+01 2.227000000000000091e-01
-1.978881035731906834e+01 2.139131669913150802e+01 2.921000000000000263e-01
-1.596766065722268024e+02 9.113178603451450144e+00 6.509000000000000341e-01
4.656627360684277050e+01 -6.922063437979515754e+01 2.500000000000000000e-01
-1.029020733625285686e+02 6.306280713319916487e+01 2.086999999999999966e-01
1.357289897998843742e+02 -5.424624645397067013e+01 2.500000000000000000e-01
-1.710403226718719623e+02 -2.703291330324809394e+01 6.509000000000000341e-01
-1.418981813820676336e+02 3.844305561504526736e+01 6.509000000000000341e-01
-3.605692590051429391e+01 6.747558036668641179e+00 1.089999999999999997e-01
-9.296220864468800471e+01 -4.023238944928230154e+01 2.500000000000000000e-01
1.797694926618266322e+02 5.627157406927410932e+01 2.086999999999999966e-01
6.336905156921381455e+00 3.273662234910338498e+01 2.921000000000000263e-01
-1.062239082989644601e+02 -7.768472957661440859e-01 6.509000000000000341e-01
-1.434566697862121885e+02 3.626487235109564722e+01 6.509000000000000341e-01
1.720415490091516517e+02 -3.562214123410804945e+01 6.316000000000000503e-01
4.209969956154416271e-01 6.578622338050425356e+01 2.227000000000000091e-01
1.472443488570149555e+02 -5.840606087240256272e+01 2.500000000000000000e-01
1.558189311065686695e+02 2.474498429203953620e+01 6.509000000000000341e-01
-1.030573203207728028e+02 2.599267013608224275e+01 2.086999999999999966e-01
-1.368479315817099584e+00 4.659867070563328895e+01 2.227000000000000091e-01
-1.051185767463301914e+02 -5.677032704464735247e+01 2.500000000000000000e-01
9.164089082804456154e+01 -2.741776214028083558e+01 6.316000000000000503e-01
-1.393401730586728320e+02 6.331168592647534155e+01 2.086999999999999966e-01
9.650440528442926791e+01 -7.264122076588904520e+01 2.500000000000000000e-01
-7.369018243461766815e+01 1.967413417585413526e+01 2.862000000000000099e-01
-3.586417442642069631e+01 -7.832641517998735026e+01 2.500000000000000000e-01
-1.641201944204510710e+02 6.479537774870162536e+01 2.086999999999999966e-01
-9.288058493811327310e+01 -3.053961687920280710e+01 6.956999999999999851e-01
-1.532269880959814827e+02 1.675553061247746456e+01 6.509000000000000341e-01
1.791310404885310845e+02 -7.352915074322464051e+00 6.509000000000000341e-01
1.730917180278073317e+02 1.007003077676615987e+01 6.509000000000000341e-01
-1.205550732835681487e+02 -4.794149805095117500e+01 6.509000000000000341e-01
-1.053564693447339806e+02 2.528607739221522976e+01 2.086999999999999966e-01
-9.024805281872377805e+01 1.505945837010165711e+01 2.862000000000000099e-01
-1.051066244908665794e+02 3.556232122315125821e+01 2.086999999999999966e-01
1.156448609716638174e+02 -3.597325895289813502e+01 6.316000000000000503e-01
2.860068194512286510e+01 -1.670270358970075719e+01 2.921000000000000263e-01
-1.008614127958096987e+02 3.832791893685438822e+01 2.086999999999999966e-01
2.791896722223517813e+01 -2.970326855037125569e+01 2.921000000000000263e-01
2.810769350902569030e+01 -7.604059594019706481e+01 2.500000000000000000e-01
-1.799160368103478618e+02 -2.738101082634843664e+01 6.316000000000000503e-01
1.707424469043515671e+02 -7.363716726288049585e+01 2.500000000000000000e-01
-1.201467326330282219e+02 5.652825571022922446e+01 2.086999999999999966e-01
-7.166743461663895864e+00 -6.208876883726192730e+00 2.921000000000000263e-01
-5.855069295364544457e-01 1.359960180640402250e+01 2.921000000000000263e-01
-9.963208408899092206e+01 -8.547509463765685211e+00 6.956999999999999851e-01
-3.823088861027653707e+01 3.746681894799117174e+01 2.086999999999999966e-01
7.146729330575756478e+01 -1.553425026952807819e+01 6.316000000000000503e-01
9.891762902159852899e+01 1.348378352703195304e+01 2.227000000000000091e-01
6.477363005954087782e+01 1.080431571189161133e+01 5.437999999999999501e-01
1.301661543144084305e+02 6.474217408000176022e+01 2.227000000000000091e-01
6.500654543320176515e+01 4.011220393150379238e+01 2.227000000000000091e-01
9.386495705534269973e+01 -6.816902652938956031e+00 6.316000000000000503e-01
-7.861422235178611118e+01 3.610160849690437601e+01 2.086999999999999966e-01
1.784737777258337132e+02 1.883489887801125562e+01 6.509000000000000341e-01
-3.964054362464273140e+01 3.142273851851973987e+01 2.921000000000000263e-01
-1.010421230852277859e+02 2.171175589114074000e+01 2.086999999999999966e-01
-5.328764452062439005e+01 -2.593307012443423076e+01 1.089999999999999997e-01
3.979831372886728946e+00 -4.458232302824269055e+01 2.921000000000000263e-01
-3.548433398566944419e+01 1.314062288149277968e+01 2.921000000000000263e-01
-4.188497176490859886e+01 -4.679034949539049393e+01 1.089999999999999997e-01
-2.606679748529374052e+01 -2.775444954929348640e+01 1.089999999999999997e-01
1.084564473369185933e+01 8.780851578225308174e+01 2.086999999999999966e-01
4.097096992357598566e+01 1.966266979732909759e+00 2.921000000000000263e-01
3.450988677859550879e+00 4.137465638965470011e-02 2.921000000000000263e-01
2.106413397628061901e+01 -2.360753007745016774e+01 2.921000000000000263e-01
5.905600864198468969e+01 -6.938287672819313912e+01 2.500000000000000000e-01
8.960031440092578237e+01 -3.183261762756702140e+01 6.316000000000000503e-01
-9.643501851819711135e+01 4.031319873396073206e+01 2.086999999999999966e-01
-7.746959734081410431e+01 2.237335811648425477e+01 2.086999999999999966e-01
-4.599977885828379520e+00 -3.453756362515115086e+01 2.921000000000000263e-01
-4.402337225188823311e+01 -2.434941311288458365e+01 1.089999999999999997e-01
1.230088312931674182e+02 3.973898359504924827e+01 2.227000000000000091e-01
-7.250040320638761671e+01 1.651330978303177233e+01 2.862000000000000099e-01
-1.210614271690582342e+02 -1.518604666947935478e+01 6.509000000000000341e-01
1.621904211856435722e+02 5.919617999863685753e+00 6.509000000000000341e-01
3.897375655088877267e+01 -5.873137570931955054e+01 2.500000000000000000e-01
-1.297140001486175720e+02 5.342483372973012479e+01 2.086999999999999966e-01
1.200717467032061876e+02 -3.338962655826503578e+01 6.316000000000000503e-01
-1.166738243882314379e+02 -5.508047989007570067e+01 2.500000000000000000e-01
-6.171039588820564603e+01 -1.433349014085646900e+01 1.089999999999999997e-01
-1.286498219671925085e+02 -3.121961489078366725e+01 6.509000000000000341e-01
-1.237608262912532098e+02 -2.365751143501579534e+01 6.509000000000000341e-01
-1.138498590387024905e+02 1.417927572227006827e+01 6.509000000000000341e-01
1.381646814940319530e+02 4.306309905449154485e+01 2.227000000000000091e-01
1.506285247462305392e+02 -1.503037976524845831e+01 6.316000000000000503e-01
-1.521289438286451627e+02 -1.798784793927645964e+01 6.509000000000000341e-01
1.606253270642284292e+02 1.322264998478116027e+01 6.509000000000000341e-01
-7.771064159192656007e+01 7.356140140935150384e+01 2.086999999999999966e-01
1.571813046355096901e+02 8.810895951732632625e+00 6.509000000000000341e-01
-5.393355488512111862e+01 -1.418211927507682724e+01 1.089999999999999997e-01
-1.316746018709145289e+02 1.197023366812493528e+01 6.509000000000000341e-01
-1.093115730661903342e+02 -5.996126688678693917e+00 6.509000000000000341e-01
2.532251135143482657e+01 -3.935229549263602422e+01 2.921000000000000263e-01
-8.396640587299276604e+01 -6.066518614607126381e+01 2.500000000000000000e-01
2.661297004303360936e+01 -2.281150329265182464e+01 2.921000000000000263e-01
-8.611085185877290771e-01 1.654420585886039774e+01 2.921000000000000263e-01
-1.798855095758733000e+02 -1.206051867762345964e+01 6.509000000000000341e-01
-1.483113695786687174e+02 2.137083426996125368e+01 6.509000000000000341e-01
2.254730299171594865e+01 -4.107464881187326711e+01 2.921000000000000263e-01
8.760197227007212462e+01 5.562183376507277899e+01 2.227000000000000091e-01
1.703460304795015645e+02 -6.591634961296880135e+01 2.500000000000000000e-01
1.282882260293025070e+02 7.188316114644770494e+01 2.086999999999999966e-01
-2.168273896976831949e+01 1.647690311986658074e+01 2.921000000000000263e-01
-7.133246070987121357e+01 -3.323618875968585229e+01 1.089999999999999997e-01
-9.048579073852511101e+01 -1.331627204413223531e+01 6.956999999999999851e-01
2.678481269975381807e+01 -6.248947147467944063e+01 2.500000000000000000e-01
-5.819454895833156627e+01 3.211628312969880739e+01 2.086999999999999966e-01
-9.147137761300987790e+01 2.199732221993257042e+01 2.086999999999999966e-01
1.796386250500690949e+02 1.444057683586994045e+01 6.509000000000000341e-01
6.161399140696380528e+01 -5.324845890248071356e+01 2.500000000000000000e-01
-1.319275968391069966e+02 -2.342481819920300978e+01 6.509000000000000341e-01
-7.769669352483892055e+01 3.625336069143006057e+01 2.086999999999999966e-01
2.912850450421797177e+01 1.951632992556382451e-01 2.921000000000000263e-01
-1.007108243057727037e+02 3.686708781032753990e+01 2.086999999999999966e-01
6.486937992129480790e+01 5.756037544763527336e+01 2.227000000000000091e-01
-4.842114870213441691e+01 -4.949362343508720841e+01 1.089999999999999997e-01
-1.721040948129583512e+02 -6.028454411024475945e+01 6.509000000000000341e-01
-3.216658349906950320e+01 1.247101317162297107e+01 2.921000000000000263e-01
-6.508742483077237750e+01 -1.990295502642882042e+01 1.089999999999999997e-01
2.578677559554378362e+01 -1.911382989620011585e+01 2.921000000000000263e-01
-1.117034294167927300e+02 -5.016621885895496291e+01 2.500000000000000000e-01
5.618778443125185618e+01 3.249103838505387642e+01 2.227000000000000091e-01
-4.586114646738432832e+00 1.665315779040182775e+01 2.921000000000000263e-01
1.220583941764149074e+02 -1.281602705784601426e+01 6.316000000000000503e-01
1.420513991476229023e+02 -4.802325868797395003e+01 6.316000000000000503e-01
-1.579023486392104658e+01 3.371132434457034321e+01 2.921000000000000263e-01
-1.301732412966338615e+01 -5.481837325272026362e+01 1.089999999999999997e-01
-1.475897295332398755e+02 -2.181103597741324407e+01 6.509000000000000341e-01
1.156232339551450679e+02 -4.300176343174237914e-01 2.227000000000000091e-01
1.359213505497111782e+02 -2.479804217432399316e+00 6.316000000000000503e-01
-1.752661791922181749e+02 -4.890208104971862646e+00 6.509000000000000341e-01
1.568113816323111962e+02 -6.902409376764988735e+01 2.500000000000000000e-01
-4.763116968448668587e+01 2.644355339512181047e+01 2.086999999999999966e-01
-1.337978464898814650e+02 1.866747002608219574e+01 6.509000000000000341e-01
-1.450124156656506784e+02 -1.735276403344106555e+01 6.509000000000000341e-01
1.316534701716140354e+01 6.210446116763177926e+00 2.921000000000000263e-01
1.141787317652521665e+02 -7.727776908218297081e+01 2.500000000000000000e-01
2.885340356657387773e+01 2.524739873289031422e+01 2.921000000000000263e-01
-1.426421028409014014e+02 -1.845287339126126014e+01 6.509000000000000341e-01
-7.899883216819688636e-01 3.569353893062574912e+01 2.921000000000000263e-01
-8.769459489780013328e+00 9.556171551474394121e+00 2.921000000000000263e-01
-5.343371341705676514e+01 1.340176708266485051e+01 1.089999999999999997e-01
1.684837753683900132e+02 5.448040440488047809e-01 6.509000000000000341e-01
8.089822873615919718e+01 -8.058512259457845772e+00 6.316000000000000503e-01
1.391124513871580461e+02 1.502299074254151812e+01 9.098000000000000531e-01
8.066089583778746430e+01 -1.954960863224442136e+01 6.316000000000000503e-01
3.523511834748584448e+01 2.473841811993373341e+01 2.921000000000000263e-01
1.071071283663053606e+02 -4.001413312264489974e+01 6.316000000000000503e-01
-1.640877482824812716e+02 5.158690651014686779e+01 6.509000000000000341e-01
5.680599611463653886e+00 -5.173750648107123595e+01 2.921000000000000263e-01
1.643915292360555043e+02 2.065661965373779996e+00 6.509000000000000341e-01
-7.572606183101835597e+01 7.905201317105279202e+01 2.086999999999999966e-01
5.557166134230516974e+01 4.509577832261796715e+01 2.227000000000000091e-01
-4.575388985927079943e+01 -6.192006242471636668e+00 1.089999999999999997e-01
-1.053847622840718046e+01 -3.775037472084541434e+01 2.921000000000000263e-01
1.430530040570351957e+02 -3.847117418777810371e+01 6.316000000000000503e-01
1.686160602542788212e+01 -3.209937960244265298e+01 2.921000000000000263e-01
1.060807337469892815e+02 -6.749335021276044699e+01 2.500000000000000000e-01
-1.229209703725245788e+02 4.970105882016660104e+01 2.086999999999999966e-01
1.231014403791401080e+01 -6.479157027805288749e+01 2.500000000000000000e-01
-4.129497511574123791e+01 3.010096947261163436e+01 2.086999999999999966e-01
1.791249770046494234e+02 7.628305802929600077e+01 2.086999999999999966e-01
-1.107247134803962467e+02 -3.920395443291012327e+01 2.500000000000000000e-01
2.050769616711193777e+01 -4.993709688412106829e+01 2.921000000000000263e-01
1.124508188379525961e+02 2.420096881504997910e+01 2.227000000000000091e-01
-2.597126735155054078e+01 8.358030038088068991e+00 2.921000000000000263e-01
-4.208966818499320084e+01 -3.408878400575567724e+01 1.089999999999999997e-01
-1.168825961208600006e+02 3.552659166591664075e+01 2.086999999999999966e-01
8.849401819888176135e+01 -6.119746756354016526e+01 2.500000000000000000e-01
-5.615252409115699805e+01 7.355222632598271559e+01 2.086999999999999966e-01
1.559575781376246937e+02 -2.615650978067856158e+01 6.316000000000000503e-01
-8.855620047342819134e+01 1.949362835969056107e+01 2.086999999999999966e-01
-1.139749163249012156e+02 -3.542443360381869866e+01 6.509000000000000341e-01
-9.189409552160537231e+00 4.599507287655305277e+01 2.227000000000000091e-01
5.769421302936620322e+01 -1.945863621496586759e+01 2.921000000000000263e-01
4.809849580097953492e+01 -2.362738971027645718e+01 2.921000000000000263e-01
-1.024848061910584534e+02 -2.047132221140281416e+01 6.956999999999999851e-01
1.694080058554819743e+02 -2.871298420375062221e+00 6.509000000000000341e-01
8.535261289997892220e+01 4.937956772720617948e+01 2.227000000000000091e-01
2.607770941931721254e+01 2.907543056985169372e+01 2.921000000000000263e-01
-1.738429510175271560e+02 -1.326806345379140384e-02 6.509000000000000341e-01
1.283228570264142832e+02 3.688803900701078220e+01 2.227000000000000091e-01
-1.620869816413680553e+01 6.094901534252138475e+01 2.227000000000000091e-01
1.059891353831646086e+02 -4.563365917042684572e+01 6.316000000000000503e-01
1.222243575252671945e+02 1.164382007441546740e+00 2.227000000000000091e-01
-2.110207345015834335e+01 -2.037817171036705233e+01 1.089999999999999997e-01
-2.404990009524912153e+01 -2.607092510802441154e+01 1.089999999999999997e-01
1.195636419085980293e+02 4.203930405295499106e+00 2.227000000000000091e-01
-1.413825724865069731e+02 -2.345009830552674046e+01 6.509000000000000341e-01
3.793468713334964093e+01 -5.306250537806418066e+01 2.500000000000000000e-01
-3.497386429751625059e+01 2.696024586710128190e+01 2.921000000000000263e-01
1.243401423780641153e+02 -1.965088981547720159e-01 2.227000000000000091e-01
-3.859747478826128031e+01 5.292380185580486796e+01 2.086999999999999966e-01
1.569874714171046648e+01 7.192865111315308368e+00 2.921000000000000263e-01
-2.120030978130996502e+01 -5.722768391509214325e+01 1.089999999999999997e-01
2.493099493705041070e+01 -3.137833289637880796e+01 2.921000000000000263e-01
1.331868637882114115e+02 -1.165122013367974674e+01 6.316000000000000503e-01
-1.385304899158035425e+02 4.484228881023209112e+01 6.509000000000000341e-01
-1.503312504912301222e+02 5.194596098421225605e+01 6.509000000000000341e-01
6.536718644890471808e+01 5.575387583736704400e+00 5.437999999999999501e-01
8.679782850624525281e+01 -2.809703910529364279e+01 6.316000000000000503e-01
-9.523288319248746348e+01 7.369544837926700787e+00 1.197799999999999976e+00
1.538934095599042848e+02 6.444218838359836354e+01 2.086999999999999966e-01
1.480235492459595434e+02 -4.715558785332071068e+01 6.316000000000000503e-01
9.864540721938035972e+01 7.944398844937742865e+01 2.227000000000000091e-01
-5.737692954961607938e+01 4.670818551305566757e+01 2.086999999999999966e-01
1.431855332923004482e+02 1.519688131857619240e+01 9.098000000000000531e-01
-6.156253788842458619e+01 3.072128971502525019e+01 2.086999999999999966e-01
-4.899980750107557270e+01 1.741186494677604557e+01 1.089999999999999997e-01
-1.506211622002712147e+02 5.109074824799137815e+01 6.509000000000000341e-01
-9.815139643472900843e+01 -1.279869856056375177e+01 6.956999999999999851e-01
-1.738975358307362171e+02 3.256050988928679146e+01 6.509000000000000341e-01
-1.010685107359567780e+02 6.500611607337019038e+00 1.197799999999999976e+00
1.620485740257004466e+02 4.100136183662981182e+01 6.509000000000000341e-01
1.624992820907419002e+02 -6.804642807614938249e+01 2.500000000000000000e-01
3.743766389505204728e+01 -4.064008915107162778e+01 2.921000000000000263e-01
3.393068668989788250e+01 1.204018586904611787e+01 2.921000000000000263e-01
-6.805746529827212044e+01 4.560365177790187374e+01 2.086999999999999966e-01
-1.487671331390742751e+02 -7.061172632643351932e+00 6.509000000000000341e-01
1.324568229757283291e+02 -2.918614903715796682e+00 6.316000000000000503e-01
8.991696952167731638e+01 -4.269184977791856284e+01 2.500000000000000000e-01
-6.797305402128169760e+01 3.190798480021718220e+01 2.086999999999999966e-01
1.672422134851573219e+02 -3.808667054645424344e+01 6.316000000000000503e-01
9.042643193867118612e+01 -2.392925286928941730e+01 6.316000000000000503e-01
6.828758012133195621e+01 1.050747640999913557e+01 5.437999999999999501e-01
-1.214273775954287089e+02 -3.419837812009161837e+01 6.509000000000000341e-01
4.485047122402954756e+01 2.896505596739945076e+01 5.587999999999999634e-01
-2.741658777180204964e+01 -7.017590270762855198e+01 2.500000000000000000e-01
-1.727321329419717983e+02 -3.323488899327573165e+01 6.509000000000000341e-01
-1.479894974245123365e+02 -5.909022188135111264e+01 2.500000000000000000e-01
-8.125666355468662516e+01 -3.465324335170126346e+01 6.956999999999999851e-01
-2.212165898723924329e+01 1.247891555274292053e+01 2.921000000000000263e-01
-4.190629721343374570e+01 -8.322620785992534964e-02 1.089999999999999997e-01
-1.189326602424944923e+02 -1.205437623898576049e+01 6.509000000000000341e-01
-2.202661695146445098e+01 -2.767580933213967853e+01 1.089999999999999997e-01
8.033383077272915784e+01 3.078190942457190005e+01 2.227000000000000091e-01
-7.216654485431021726e+00 7.503250692818564715e+00 2.921000000000000263e-01
1.018903699676065457e+02 -3.884776666064860962e+01 6.316000000000000503e-01
7.222957813503373359e+01 -1.625862444983808430e+01 6.316000000000000503e-01
-9.099416626013791642e+01 -3.140854306662315132e+00 6.956999999999999851e-01
1.659008158383038847e+02 -4.938979161245141825e+01 6.509000000000000341e-01
1.018166472981619819e+02 3.069539454748456819e+01 2.227000000000000091e-01
4.937288262380637449e-01 -7.962418781299010107e+01 2.500000000000000000e-01
-1.757241161209552445e+02 -6.614858780290245477e+01 2.500000000000000000e-01
1.011616851177335832e+02 1.748324099676415244e+01 2.227000000000000091e-01
3.254291157166509407e+01 -3.988310920115528901e+00 2.921000000000000263e-01
-3.860130253302202163e+01 5.761996916387371215e+01 2.086999999999999966e-01
-1.487706815809019929e+02 6.050894445514852116e+00 6.509000000000000341e-01
1.073074244815860538e+02 8.652781747619835073e+01 2.086999999999999966e-01
1.002329750861334929e+02 8.032323273593281243e+00 2.227000000000000091e-01
9.762949365493963683e+01 3.145823835950714908e+01 2.227000000000000091e-01
6.376188140777568236e+01 5.347293678540659556e+01 2.227000000000000091e-01
-5.777263417284251545e+01 3.009268344543463058e+01 2.086999999999999966e-01
-3.043820809408541095e+01 -2.121498034631508034e+01 1.089999999999999997e-01
-1.801865581466812216e+01 -2.256153840794322107e+01 1.089999999999999997e-01
1.600829688638650339e+01 4.063526095684659722e+00 2.921000000000000263e-01
1.500457185944593448e+02 3.746624618809235585e+01 6.509000000000000341e-01
1.473983360857676530e+02 6.409920175685508070e+01 2.086999999999999966e-01
6.063369982096894972e+01 1.784343286680530127e+01 5.437999999999999501e-01
-1.491840562243834256e+02 8.669846820167576595e+01 2.086999999999999966e-01
9.454182223676646402e+01 3.113692484716763076e+01 2.227000000000000091e-01
-8.653584830780317816e+01 -1.956648997714871285e+01 6.956999999999999851e-01
-1.671146941698569677e+01 6.433348256641154705e+01 2.227000000000000091e-01
1.505285862081616983e+02 1.734372286327242207e+01 6.509000000000000341e-01
-1.503805168796315570e+02 -1.211746092580718326e+01 6.509000000000000341e-01
-1.318577578790083180e+02 -6.416423372921398993e+01 2.500000000000000000e-01
2.670939129910370724e+01 2.682077688118534553e+01 2.921000000000000263e-01
1.545123129682245349e+02 -8.523055233471540149e+00 6.316000000000000503e-01
1.471533913321241016e+02 8.166110158307047229e+00 6.509000000000000341e-01
9.890475940820414280e+01 -6.427532077572107028e+01 2.500000000000000000e-01
-1.623138904352937573e+02 -6.408026076044189168e+00 6.509000000000000341e-01
1.156336867305186757e+02 6.823836661591401764e+01 2.227000000000000091e-01
-5.160268885074895451e+01 -6.051701122673461164e+00 1.089999999999999997e-01
6.281228639888166043e+01 -5.662860406383226852e+00 2.921000000000000263e-01
1.410752542214644052e+02 1.713284493944433251e+01 9.098000000000000531e-01
1.616107931040117194e+02 3.602192233378158903e+01 6.509000000000000341e-01
-3.496021509754952206e+01 5.772735947963259662e+01 2.086999999999999966e-01
4.908653274539724976e+01 1.807361690567392998e+01 5.587999999999999634e-01
-3.521046244337572517e+01 -2.176391074346581078e+01 1.089999999999999997e-01
1.265615539154987914e+02 3.125578513870700803e+01 2.227000000000000091e-01
-9.659540649392947387e+01 -2.001553694845487641e+01 6.956999999999999851e-01
1.198606970100354943e+02 1.337287204839125110e+01 2.227000000000000091e-01
-1.252393665017321069e+02 -5.791600159079701626e+01 2.500000000000000000e-01
-1.645876898127575032e+02 -4.328935388007120366e+01 6.509000000000000341e-01
-5.871763564079952857e+01 2.288638205506883239e+01 2.086999999999999966e-01
-6.977341330296917477e+01 2.621601303592834142e+01 2.086999999999999966e-01
6.192086605274425182e+01 7.913699944271674269e+01 2.227000000000000091e-01
-1.041567674810730324e+02 6.594416476498924595e+00 6.509000000000000341e-01
-1.952889377900179113e+01 2.944311212070151740e+01 2.921000000000000263e-01
1.245154396405293973e+01 3.461307803595459376e+01 2.921000000000000263e-01
-2.387052010921397391e-02 -4.860441077775629282e+01 2.921000000000000263e-01
4.885840733746285736e+01 4.928634266030474009e+01 2.227000000000000091e-01
1.024612004029933132e+02 -3.928598498331628974e+01 6.316000000000000503e-01
-1.568164387921327432e+02 -2.021533246444185039e+01 6.509000000000000341e-01
-5.664223567715338703e+01 6.611504339130040364e+01 2.086999999999999966e-01
-6.024803358164206912e+01 7.645166842704723820e+01 2.086999999999999966e-01
5.978087743112133978e+01 -3.138040780768576710e+01 2.500000000000000000e-01
-1.757855098576106911e+02 -1.947144921776455462e+01 6.316000000000000503e-01
-1.583568836826026427e+02 5.966327313074030769e+01 2.086999999999999966e-01
-1.361306038470022202e+02 -2.159686840319472978e+01 6.509000000000000341e-01
-1.053536081207752346e+02 1.715338089446037984e+01 6.509000000000000341e-01
1.696970469403854622e+02 -3.209969035082760769e+01 6.316000000000000503e-01
-3.984763001870343402e+01 -1.834675073213982444e+01 1.089999999999999997e-01
-1.481335738657484136e+01 7.662271476199458142e+00 2.921000000000000263e-01
-6.888688286588195986e+00 5.433487013248640807e+00 2.921000000000000263e-01
8.635176852017605142e+01 -3.871319360836432821e+01 6.316000000000000503e-01
-2.421804366298817790e+00 -4.446191701964188780e+01 2.921000000000000263e-01
3.365779355808747653e+01 5.455398618450717407e+01 2.227000000000000091e-01
-5.083147937452004328e+01 -9.296279491784108728e+00 1.089999999999999997e-01
-8.010504052424390409e+01 3.832647269301264714e+01 2.086999999999999966e-01
-8.550296740296521136e+01 3.292267930018704902e+01 2.086999999999999966e-01
-9.509872770871054115e+01 6.247744441369482615e+01 2.086999999999999966e-01
4.496332443800494616e+01 -5.174436770190173007e+01 2.500000000000000000e-01
-1.622211456299248056e+01 1.579941764277728389e+01 2.921000000000000263e-01
-1.207359430068481210e+01 -2.421351671753749102e+01 2.921000000000000263e-01
-1.752606668936890628e+02 1.959162917356838562e+01 6.509000000000000341e-01
-1.461658995841501110e+02 1.045707275519401946e+01 6.509000000000000341e-01
-4.040409291293867255e+01 -4.211926548329942932e+01 1.089999999999999997e-01
-1.476159673655433835e+02 3.441782898845224281e+01 6.509000000000000341e-01
1.651752430849385860e+02 6.864057003708806803e+01 2.086999999999999966e-01
-1.142011344051709330e+02 4.075175476934049357e+01 2.086999999999999966e-01
-1.391555019337669705e+02 7.679648685400790953e+01 2.086999999999999966e-01
-8.027215155810750957e+01 6.128834413443312457e+01 2.086999999999999966e-01
9.344062174235168072e+01 -1.855383751931165337e+00 6.316000000000000503e-01
-1.471513321471014990e+02 -2.260098817666112936e+01 6.509000000000000341e-01
9.071029723585817806e+01 -2.017283622982409241e+01 6.316000000000000503e-01
1.232946212239667858e+02 7.241431186497322869e+01 2.227000000000000091e-01
2.985652407527291174e+01 4.326607125553493205e+01 2.227000000000000091e-01
1.891449011756840548e+01 3.550576000349787620e+01 2.921000000000000263e-01
-1.681770081773034917e+02 -4.374362534508274081e+01 6.509000000000000341e-01
1.291461505495278459e+02 -6.601043135384382765e+01 2.500000000000000000e-01
1.476685115723595061e+02 -2.878494704225095457e+00 6.509000000000000341e-01
1.584394744475570462e+02 1.935243359938143826e+01 6.509000000000000341e-01
-1.375048779511225518e+02 -5.309161918452374351e+01 6.509000000000000341e-01
1.587982285476191748e+02 4.225355860271952935e+01 6.509000000000000341e-01
-1.407213901494673678e+02 -3.779786414704637387e+00 6.509000000000000341e-01
-2.090033474139575631e+01 2.863596777210516464e+01 2.921000000000000263e-01
-1.418956678162591629e+02 1.614402755346003193e+00 6.509000000000000341e-01
6.687141802004833835e+01 2.736501691527880809e+01 5.437999999999999501e-01
1.470050941128511113e+02 -2.641218865248968584e+01 6.316000000000000503e-01
1.531196334262938885e+00 4.029189367475865424e+01 2.227000000000000091e-01
6.918509622004424386e+01 -4.550322605179085933e+00 6.316000000000000503e-01
5.022776393841978404e+01 -7.180525006166877233e+01 2.500000000000000000e-01
8.128788802192310925e+01 4.565306493977077906e+01 2.227000000000000091e-01
6.463866336038897487e+01 -4.568547542499900516e+01 2.500000000000000000e-01
-1.473779254815059971e+02 -3.754154386107574481e+01 6.509000000000000341e-01
-7.336482214853933215e+01 -3.045401882158622797e+01 6.956999999999999851e-01
-9.510875001684674146e+01 5.042441161615276712e+01 2.086999999999999966e-01
-1.760633851477544169e+02 -5.186608370155447290e+01 6.509000000000000341e-01
1.088727062224739512e+02 -4.449521525261005195e+01 6.316000000000000503e-01
6.616217100489917868e+01 5.964688409339324693e+01 2.227000000000000091e-01
9.863580217955931317e+00 1.364235430660348491e+01 2.921000000000000263e-01
-1.498881513548902262e+02 -4.475201125854810869e+01 6.509000000000000341e-01
-7.119422574144266491e+01 1.077393349809834433e+01 2.862000000000000099e-01
1.106880716013743466e+02 -4.759808582858660486e+01 6.316000000000000503e-01
-1.020895262030697666e+02 -1.815508883410403485e+01 6.956999999999999851e-01
1.418575374067405193e+01 -4.353629866997123088e+01 2.921000000000000263e-01
-9.395057453002316095e+01 3.290779721413686332e+01 2.086999999999999966e-01
2.336536719601087242e+01 -2.286167633737981930e+00 2.921000000000000263e-01
7.288673929451954336e+01 -5.940588856539516627e+00 6.316000000000000503e-01
-1.458949019880298863e+02 2.896466932650352533e+01 6.509000000000000341e-01
1.132167028421359873e+02 -1.639609914013374237e+01 6.316000000000000503e-01
1.394617840277937262e+02 -5.699542266626140474e+01 2.500000000000000000e-01
-4.886452094168689975e+00 -4.144060712827798199e+01 2.921000000000000263e-01
6.917239375401157986e+01 3.955135528548690615e+01 2.227000000000000091e-01
8.766283457760816589e+01 -1.041972366766702507e+01 6.316000000000000503e-01
7.954585171124281828e+01 -7.329842116539799335e+00 6.316000000000000503e-01
6.556657736733716035e+01 -5.148145669805636970e+01 2.500000000000000000e-01
1.720220779551637946e+01 4.518057451638971145e+01 2.227000000000000091e-01
-3.038206436666983379e+01 -6.784433490134563272e+01 2.500000000000000000e-01
1.388131365152649437e+02 4.845644544644274276e+01 2.227000000000000091e-01
7.796699387493522693e+01 3.657477269642507167e+01 2.227000000000000091e-01
-7.112482985703748284e+01 1.944950001082307622e+01 2.862000000000000099e-01
3.598274090343314668e+01 -3.715567441647035452e+01 2.921000000000000263e-01
1.040726658172668095e+02 1.331207968524890362e+01 2.227000000000000091e-01
1.184049549818583529e+02 4.723405210164618495e+01 2.227000000000000091e-01
4.944488153835273891e+01 2.554830163261144804e+01 5.587999999999999634e-01
1.369669876872177028e+01 -3.239526051440167009e+01 2.921000000000000263e-01
6.834182427710693730e+01 5.051234181011776769e+01 2.227000000000000091e-01
1.186078653254977127e+02 -2.244648831958410184e+01 6.316000000000000503e-01
-4.289028854522773315e+01 5.540019005180725031e+01 2.086999999999999966e-01
1.313191105633354994e+02 7.097189158756199490e+00 9.098000000000000531e-01
1.801133236126575099e+01 -2.011373802965759516e+00 2.921000000000000263e-01
-4.236962875395403394e+00 5.050493765736776908e+01 2.227000000000000091e-01
-1.525868484214325349e+02 1.200900236056601322e+01 6.509000000000000341e-01
-3.623261293290545915e+00 5.376644384214257144e+01 2.227000000000000091e-01
2.062138300004462721e+01 -2.861723251200966089e+01 2.921000000000000263e-01
-2.318679606628637657e+01 -7.238428791228738390e+00 1.089999999999999997e-01
1.489652211698876272e+02 -6.916112212053971575e+01 2.500000000000000000e-01
-1.734578225003272109e+02 -4.522970231118353723e+01 6.509000000000000341e-01
1.292781864931810674e+02 3.075946220808261700e+01 2.227000000000000091e-01
-8.782583207512581680e+01 -2.392857549516255844e+01 6.956999999999999851e-01
1.699787491882076154e+02 -4.006323040544408087e+01 6.316000000000000503e-01
-6.264921284561268067e+01 5.643379311155369038e+01 2.086999999999999966e-01
4.694114605236471505e+00 -9.615700601586302243e-01 2.921000000000000263e-01
1.007902286497593423e+02 4.301712083661828245e+01 2.227000000000000091e-01
-1.792707694640324121e+02 2.969979945556531575e+01 6.509000000000000341e-01
6.342052284705598453e+01 -6.172478428688574326e+01 2.500000000000000000e-01
-1.588311266074641992e+02 1.902002815507670519e+01 6.509000000000000341e-01
-1.036356842124138495e+02 -1.615820386345770387e+01 6.956999999999999851e-01
9.197780725005041802e+01 5.088284493679346809e+01 2.227000000000000091e-01
5.380159016039308284e+01 3.787186180894455845e+01 2.227000000000000091e-01
-2.953773365435087683e+01 -2.761519731615950235e+01 1.089999999999999997e-01
-5.367922497552905625e+00 4.388371484585483984e+01 2.227000000000000091e-01
-7.910596160183428083e+01 5.444403110772095999e+01 2.086999999999999966e-01
-8.822383991183420093e+00 7.594538632404473688e+00 2.921000000000000263e-01
-5.097246137622279605e+01 2.290768553301959898e+01 2.086999999999999966e-01
5.361314057351844298e+01 7.614718367708260871e+01 2.227000000000000091e-01
-3.087855107055137793e+01 -4.676904524348324799e+01 1.089999999999999997e-01
-4.835637903836951068e+01 1.062030173685559831e+01 1.089999999999999997e-01
-7.072445795387109513e+01 -6.027471770091518977e+01 2.500000000000000000e-01
-8.540446526752479883e+01 7.411959837538259421e+01 2.086999999999999966e-01
-8.965906521778880744e+01 -3.565470978277998881e+01 6.956999999999999851e-01
-2.779354783590950362e+01 -5.173289905488777407e+01 1.089999999999999997e-01
9.779502406262517766e+00 2.359762172931888813e+01 2.921000000000000263e-01
-1.658739498160127539e+02 -4.156320304036167812e+01 6.509000000000000341e-01
-1.135550291312119668e+02 5.508825998130439672e+01 2.086999999999999966e-01
-1.948851613270084826e+01 6.037399907840643465e+01 2.227000000000000091e-01
-7.196755247246959186e+01 -3.994891147146156385e+01 1.089999999999999997e-01
-1.287239172094428739e+02 -7.168864359938883979e+01 2.500000000000000000e-01
1.987366307099529905e+01 5.295331682887041325e+01 2.227000000000000091e-01
-1.832733119163287627e+00 3.639249007087157395e+01 2.921000000000000263e-01
1.396404866749313669e+02 -4.974635442122960427e+01 6.316000000000000503e-01
-3.321664356217236502e+01 -6.376915351927943121e+00 1.089999999999999997e-01
3.705462002333932503e+01 -5.724710516345163569e+01 2.500000000000000000e-01
-4.855362098696587303e+00 7.773484737778530018e+01 2.086999999999999966e-01
1.529967373244421651e+02 3.075852422976148759e+01 6.509000000000000341e-01
1.267116435216875487e+02 1.996293345227463334e+01 9.098000000000000531e-01
1.473526117933398716e+01 1.074157180277693513e+01 2.921000000000000263e-01
-7.562473478481612688e+01 -4.476085208249837422e+01 1.089999999999999997e-01
-1.688166966405139249e+02 -5.173058769566146964e+00 6.509000000000000341e-01
6.248702601875311302e+01 -4.089517773161906433e+01 2.500000000000000000e-01
-7.279656711736426189e+01 7.211628387415562713e+01 2.086999999999999966e-01
-1.789513116639836028e+02 -3.159788865377824507e+01 6.316000000000000503e-01
-7.157124833965713151e+01 2.963198921313571432e+01 2.086999999999999966e-01
6.327689289625838143e+01 4.635648621075775822e+01 2.227000000000000091e-01
-1.777736207404448407e+02 1.272511254682984827e+01 6.509000000000000341e-01
-1.459486385852206922e+02 -4.494672770527841976e+01 6.509000000000000341e-01
3.049365304529589338e+01 7.085696701690081056e+01 2.227000000000000091e-01
1.503532706989193635e+01 2.160309239772184142e+01 2.921000000000000263e-01
4.515788858965235164e+01 3.970797176577104182e+01 2.227000000000000091e-01
-1.152543397378936163e+02 -3.274584496406653500e+01 6.509000000000000341e-01
1.768200114921388888e+02 4.274576633459065533e+01 6.509000000000000341e-01
-1.770830457930345290e+02 -6.995174674418446159e+01 2.500000000000000000e-01
-1.760829289470221966e+02 -5.140532353975917346e+00 6.509000000000000341e-01
6.796719229324040157e+01 9.984259088444442654e+00 5.437999999999999501e-01
1.358518030939919186e+02 1.349098055622347658e+01 9.098000000000000531e-01
-6.928486925776859096e+01 2.943425370227000926e+01 2.086999999999999966e-01
8.187961205472826975e+01 2.784068706603774856e+01 5.437999999999999501e-01
-6.279895884664710337e+01 -2.374872495150723495e+01 1.089999999999999997e-01
-1.795309025638022433e+02 5.594881385655859418e+01 2.086999999999999966e-01
-9.643310828887663888e+01 -3.287705403500731904e+01 6.956999999999999851e-01
1.594852645321900297e+02 -3.329693159128866764e+00 6.509000000000000341e-01
7.883959894259952250e+01 3.164966048915968599e+01 2.227000000000000091e-01
-1.737046649818648802e+02 1.874750005046629653e+01 6.509000000000000341e-01
6.421101094832901879e+01 3.792635366194890167e+01 2.227000000000000091e-01
1.042119306916845289e+02 -3.953783063199260539e+01 6.316000000000000503e-01
-1.117994648878735973e+02 4.164641759166661572e+00 6.509000000000000341e-01
-1.724490486867743471e+02 1.829765241606073545e+01 6.509000000000000341e-01
3.647584494294577873e+00 3.643299412396390835e+01 2.921000000000000263e-01
-1.104305926854841289e+02 1.382466739575533676e+00 6.509000000000000341e-01
1.533762940858956370e+02 2.210566140042979022e+00 6.509000000000000341e-01
-1.623215456758179585e+02 -7.399415835064985458e+01 2.500000000000000000e-01
1.228724432940222329e+02 -1.956743265529463116e+01 6.316000000000000503e-01
-1.101587894606879701e+02 3.270695120912210285e+01 2.086999999999999966e-01
-5.073467899568878892e+01 2.120392113055148897e+01 2.086999999999999966e-01
1.390140576792448002e+01 -5.358583583444962883e+00 2.921000000000000263e-01
-1.340028457454854838e+01 -5.348849086969086386e+01 1.089999999999999997e-01
1.616219522183670847e+02 -1.482771235785739172e+01 6.316000000000000503e-01
-7.253864844138993817e+01 -1.994520269091058751e+01 6.956999999999999851e-01
-5.988330052430751493e+01 -3.541562208342325135e+01 1.089999999999999997e-01
1.434241913488289129e+02 5.124014067833312147e+00 6.509000000000000341e-01
8.777310289638577956e+00 -1.067362137230924546e+01 2.921000000000000263e-01
-4.007944045725161430e+01 5.643428638295262978e+00 1.089999999999999997e-01
-1.546302203381246727e+02 8.352726630271260433e+01 2.086999999999999966e-01
1.307307834663709514e+02 1.425353686564513467e+01 9.098000000000000531e-01
8.658967636302010362e+01 -1.813915720011575861e+00 5.437999999999999501e-01
-7.101308430388472459e+01 -1.683348910105152996e+01 1.089999999999999997e-01
-8.372711114821666456e+01 8.428790928667937976e+01 2.086999999999999966e-01
4.249625405689523916e+01 -2.382786600472696747e+01 2.921000000000000263e-01
1.355417125243280623e+02 5.900609738866534393e+00 6.509000000000000341e-01
-1.416410581779597351e+02 4.591717762978993989e+01 6.509000000000000341e-01
-2.276188942802444259e+01 -1.733429126955354782e+00 1.089999999999999997e-01
1.076146105770357480e+02 5.751158280362672315e+01 2.227000000000000091e-01
-1.087186924417384404e+02 -5.896188495548706499e+00 6.509000000000000341e-01
-3.160914581344564667e+01 7.855066706956177036e+00 2.921000000000000263e-01
-1.165452621388393482e+02 -6.687809138935513431e+01 2.500000000000000000e-01
-9.616557854278663342e+01 6.670178972576290732e+01 2.086999999999999966e-01
1.718725568064461129e+02 -2.750419071318773234e+01 6.316000000000000503e-01
1.678699602919098197e+02 3.861065381082575954e+01 6.509000000000000341e-01
-7.706871484167917785e+00 -7.353447363231764200e+01 2.500000000000000000e-01
1.773115652595288623e+02 4.487034763114342439e+01 6.509000000000000341e-01
-1.445074298735485172e+02 5.266915842822021965e+00 6.509000000000000341e-01
-3.113524616064887240e+01 -6.954398833692501114e+01 2.500000000000000000e-01
7.565710543387544362e+01 2.478383014818883723e+01 5.437999999999999501e-01
-4.385751399517387483e+01 7.415401897492628791e+01 2.086999999999999966e-01
-1.581132942884063368e+02 2.045248629216894098e+00 6.509000000000000341e-01
-1.470591661734801789e+02 -1.065349820482862597e+01 6.509000000000000341e-01
-6.611392539445701289e+01 4.957650187644621553e+01 2.086999999999999966e-01
-1.126470965045494665e+02 -3.490380019681916934e+01 6.509000000000000341e-01
-1.098462073014034672e+02 -1.707720742474294440e+01 6.956999999999999851e-01
1.446385336508206798e+01 6.427032689501953655e+01 2.227000000000000091e-01
-1.963699140481930616e+00 8.135382621116400870e+00 2.921000000000000263e-01
-1.737767945190449268e+02 7.480152799097948169e+00 6.509000000000000341e-01
1.418663860353904909e+02 -5.899223413717724895e+01 2.500000000000000000e-01
-7.577123540877470020e+01 -8.198484896629113905e+01 2.500000000000000000e-01
5.929900915977962939e+01 -9.880366669367889543e+00 2.921000000000000263e-01
9.645132919953299577e+00 -3.229132485453227019e+01 2.921000000000000263e-01
3.703871503984497338e+01 1.274453667741408402e+01 2.921000000000000263e-01
-5.888779318043312117e+01 2.075852467096878229e+01 2.086999999999999966e-01
1.719358049405901170e+02 -2.114355794132547572e+01 6.509000000000000341e-01
-7.722570637866115817e+01 1.826213152907558923e+00 1.089999999999999997e-01
7.250267363367167661e+01 -3.684551766765397929e+01 2.500000000000000000e-01
-1.844503325561916540e+01 -3.671612733629771252e+00 1.089999999999999997e-01
-4.404927463615789662e+01 -9.368788053980367181e+00 1.089999999999999997e-01
-6.941365347621706405e+01 -4.398237624559202175e+01 1.089999999999999997e-01
-1.086982863956533691e+02 1.423371655768038302e+01 6.509000000000000341e-01
-7.998909561483674224e+01 1.097300925762847257e+01 2.862000000000000099e-01
-9.325497120264773798e+01 -4.273268132237716088e+01 2.500000000000000000e-01
1.607649946341934424e+02 2.610619267503064478e+01 6.509000000000000341e-01
1.425854666175871159e+02 -3.835673718167402768e+01 6.316000000000000503e-01
9.811364600215210885e+01 6.340780370434477931e+01 2.227000000000000091e-01
1.152251549676359303e+02 3.408263826341680414e+01 2.227000000000000091e-01
8.911887938914445328e+01 8.021428074890136983e+00 5.437999999999999501e-01
1.777273625050150656e+02 -2.759597963296329937e+01 6.316000000000000503e-01
-4.428860315176611806e+01 4.370377838517973856e+01 2.086999999999999966e-01
1.486609491598742494e+01 3.990450497779207950e+01 2.227000000000000091e-01
1.396211872730857237e+02 -3.454620664134495911e+01 6.316000000000000503e-01
-1.120857681593632833e+02 5.454836449559547873e+01 2.086999999999999966e-01
4.775991261861932458e+01 2.244860037976265943e+01 5.587999999999999634e-01
-1.055188143916549279e+02 -2.075429266731508449e+01 6.956999999999999851e-01
1.664629537711441003e+02 -2.359064132850796369e+01 6.316000000000000503e-01
5.449877600675873168e+01 -5.428983357534171716e+00 2.921000000000000263e-01
1.434097666112360514e+02 3.654967255058219955e+00 6.509000000000000341e-01
1.279845295134613963e+02 -2.863615166681839952e+01 6.316000000000000503e-01
-2.494269075038521422e+01 -6.809591122501623772e+01 2.500000000000000000e-01
9.707072438040016493e+01 5.922278758136529930e+00 2.227000000000000091e-01
-9.909533087869000667e+01 -2.510581774839997493e+01 6.956999999999999851e-01
-1.306423790273011889e+02 -1.495830694325213273e+01 6.509000000000000341e-01
-1.249396972347961992e+02 6.692743469189895222e+01 2.086999999999999966e-01
1.157642310274970328e+02 -8.326179008880947663e+01 2.500000000000000000e-01
-5.645967536550590893e+01 6.357512453164205368e+01 2.086999999999999966e-01
5.611396150753172662e+00 1.690440223801157416e+01 2.921000000000000263e-01
-2.614536961967766526e+00 3.550952269692627539e+01 2.921000000000000263e-01
8.565528790127140724e+01 4.632546272829095813e+00 5.437999999999999501e-01
-1.592714193155292257e+01 1.073681724250274305e+00 2.921000000000000263e-01
-3.030961996974528105e+01 -3.910852374184816682e+01 1.089999999999999997e-01
-1.027879293933990823e+02 9.048692544477301425e+00 6.509000000000000341e-01
1.320656608875447660e+02 4.312633946274399932e+01 2.227000000000000091e-01
7.888125711755239422e+01 -9.731659474966200207e+00 6.316000000000000503e-01
-3.260238675600884761e+01 -4.706618214267448508e+01 1.089999999999999997e-01
7.551744958650797912e+01 -5.564701183196584111e+01 2.500000000000000000e-01
-6.895442992739328147e+00 -4.276293281256332790e+01 2.921000000000000263e-01
1.239350454471811531e+02 -6.301095627224803764e+00 2.227000000000000091e-01
-1.544216712596014531e+02 1.112513290681731704e+01 6.509000000000000341e-01
-1.033780366867105585e+02 7.025596651478271326e+01 2.086999999999999966e-01
1.115083800663961000e+02 2.237585807474198418e+01 2.227000000000000091e-01
-2.650348057726075623e+01 -4.874143281963866770e+01 1.089999999999999997e-01
5.732468041657007518e+01 -1.059935907143374267e+00 2.921000000000000263e-01
8.410490258878677139e+01 -2.629964968953408189e+01 6.316000000000000503e-01
-1.474992751492806065e+02 -5.403952947579349342e+01 6.509000000000000341e-01
-1.330686118100118449e+02 4.129141356949129005e+01 6.509000000000000341e-01
-1.105335182546313035e+02 6.562803787704743286e+01 2.086999999999999966e-01
-9.362529262451846535e+01 7.346506285970093586e+01 2.086999999999999966e-01
1.250398582605157003e+02 -1.185924138226748425e+01 6.316000000000000503e-01
-1.689393165560456964e+02 -5.720216868179510072e+01 6.509000000000000341e-01
-3.911560797246800547e+01 3.829579391269528799e+01 2.086999999999999966e-01
1.257406727153097279e+02 -4.561939999208050267e+01 6.316000000000000503e-01
-7.215495788215769757e+00 3.852673087595698576e+01 2.227000000000000091e-01
-1.608967360491373029e+02 3.771132133920861662e+01 6.509000000000000341e-01
1.645552395595410928e+02 6.311087437372859910e+01 2.086999999999999966e-01
1.739020510152008399e+02 8.460389146986999265e+01 2.086999999999999966e-01
1.246610131330772049e+02 5.575433909968659663e+01 2.227000000000000091e-01
1.615934274874159087e+02 2.571804721299404051e+01 6.509000000000000341e-01
1.168247854832471120e+02 -4.643094340390815944e+01 6.316000000000000503e-01
-1.745760354602852260e+02 -4.971937234383602089e+01 6.509000000000000341e-01
1.677232290471883687e+02 4.415829900312166245e+01 6.509000000000000341e-01
-1.260804665585112616e+02 3.575503590121417119e+01 6.509000000000000341e-01
-1.414773506197931852e+02 -7.958860430930348784e+00 6.509000000000000341e-01
1.056471012374245788e+02 -2.355751421813311453e+01 6.316000000000000503e-01
1.126611352863399844e+02 -3.286347506238555383e+01 6.316000000000000503e-01
1.346019877481817559e+02 6.707431629725068944e+01 2.227000000000000091e-01
-1.002255093399970178e+02 -6.235850263427020224e+01 2.500000000000000000e-01
-1.104076833570395166e+02 8.599738418934043338e+00 6.509000000000000341e-01
1.402102396992614501e+02 -1.710400579910967167e+00 6.316000000000000503e-01
1.259660706143712190e+02 -9.097099123545744348e+00 6.316000000000000503e-01
-8.154690765539990593e+01 -1.029334259312092215e+01 6.956999999999999851e-01
1.586654435157760474e+02 2.357697076745323983e+01 6.509000000000000341e-01
1.517810559823085441e+02 -7.034372042202406305e+01 2.500000000000000000e-01
5.178018357770089786e+00 5.926028524217818472e+01 2.227000000000000091e-01
4.242459197498721579e+01 -8.761890072321207867e+01 2.500000000000000000e-01
1.670259600403299771e+02 3.336804624864060997e+01 6.509000000000000341e-01
-3.858693601332950607e+01 4.178578288516184358e+01 2.086999999999999966e-01
-1.201313847463519693e+02 -1.329352207397175789e+01 6.509000000000000341e-01
7.183215849567298505e+01 3.017871796867082423e+01 5.437999999999999501e-01
-8.937831322068747397e+01 -2.176481826492284100e+01 6.956999999999999851e-01
-9.899547727561884614e+00 4.081094839415870723e+01 2.227000000000000091e-01
-1.054347481763789451e+00 -8.139955168682844544e+01 2.500000000000000000e-01
1.287302975263477549e+02 4.289944638433085800e+01 2.227000000000000091e-01
4.063070151359027449e+01 -7.052154553983046981e+01 2.500000000000000000e-01
1.748165506036746137e+02 -1.190349562016918306e+01 6.509000000000000341e-01
-1.188796676316136001e+02 -4.712749195546953729e+01 6.509000000000000341e-01
8.232183222811907797e+01 4.640082658008811145e-01 5.437999999999999501e-01
-1.098917912266842656e+01 2.555427005772457605e+01 2.921000000000000263e-01
1.585047281217869966e+02 -3.647961729401366426e+01 6.316000000000000503e-01
1.192791909369689876e+02 4.084463216044331157e-01 2.227000000000000091e-01
-2.530519951234781573e+01 2.215133996864333454e+01 2.921000000000000263e-01
8.993513820945733528e+01 1.476317366880672033e+01 5.437999999999999501e-01
2.488446678835173742e+01 -3.748685506499727182e+01 2.921000000000000263e-01
-9.871745404951498415e+01 7.366174950819738854e+01 2.086999999999999966e-01
-9.870610966057387259e+01 -4.342292510622595358e+01 2.500000000000000000e-01
1.578108051408209462e+02 3.752978121827465685e+01 6.509000000000000341e-01
-1.709397543593194371e+02 3.105791721578962661e-01 6.509000000000000341e-01
-1.382505365888808910e+02 -2.020272424696694102e+01 6.509000000000000341e-01
1.422912612981655798e+02 2.118032233905861261e+01 9.098000000000000531e-01
-1.713342364248015315e+02 4.482082906742892447e+01 6.509000000000000341e-01
-1.278544664228490007e+02 1.427115508692303614e+01 6.509000000000000341e-01
3.568998085947308851e+01 -4.015593363902637947e+01 2.921000000000000263e-01
9.490262572864969570e+01 5.765127673643355166e+01 2.227000000000000091e-01
-1.110002082866475632e+02 -3.205513179790330724e+01 6.956999999999999851e-01
-5.031873148412046248e+01 -7.703653995050041203e+01 2.500000000000000000e-01
1.282636581091915104e+02 3.396749949241512212e+01 2.227000000000000091e-01
-3.901943330140523969e+00 -5.415188214443402565e-02 2.921000000000000263e-01
-1.215713862376110228e+02 3.045033846548269096e+01 6.509000000000000341e-01
-1.637039695875033374e+02 -4.202212022333821295e+01 6.509000000000000341e-01
-1.246555348193781185e+02 6.773598895114308505e+01 2.086999999999999966e-01
4.540751191613633608e+01 -5.239700874602578606e-01 2.921000000000000263e-01
2.869769457999325013e+01 2.726544218804870567e+01 2.921000000000000263e-01
-7.429323639455481043e+01 1.203789177636392926e+00 1.089999999999999997e-01
6.938254957170104831e+01 1.850030126084729076e+01 5.437999999999999501e-01
1.631794387720964608e+02 -4.061694719995733038e+01 6.316000000000000503e-01
1.783204416754309420e+02 8.790034235058469037e+00 6.509000000000000341e-01
-1.115375091324584531e+02 1.251789765373353980e+01 6.509000000000000341e-01
-1.115668310545309083e+02 6.355674031789598644e+01 2.086999999999999966e-01
1.668622268520117871e+02 -1.267656348201462357e+01 6.509000000000000341e-01
-1.604227914476658441e+02 -8.061301565941619174e+01 2.500000000000000000e-01
4.048029298574934387e+01 1.614999171589073867e+01 2.921000000000000263e-01
-1.202236038126030735e+02 -4.229252098236630530e+01 6.509000000000000341e-01
-1.742438471148491317e+02 -4.377370535178259559e+01 6.509000000000000341e-01
-1.696052992334945770e+02 -1.727025032110602965e+01 6.509000000000000341e-01
3.017503264834032706e+01 -7.741053731122362080e+01 2.500000000000000000e-01
-1.513676242143470745e+02 6.939158115122148729e+01 2.086999999999999966e-01
-1.403546320664862606e+02 -8.672860245028880399e+01 2.500000000000000000e-01
1.301646728159638826e+02 -2.457184819268715259e+01 6.316000000000000503e-01
1.130653283534882547e+02 -1.098310038702711644e+01 6.316000000000000503e-01
8.669515746845382864e+01 3.217467362971004263e+01 2.227000000000000091e-01
-5.692147880663833348e+01 1.685419521628688244e+01 1.089999999999999997e-01
5.996180948891937135e+01 2.551789256950442120e+00 2.921000000000000263e-01
-8.475909892751377583e+01 2.048511262230098851e+01 2.086999999999999966e-01
-1.145824723625848662e+02 -4.091980847085334005e+01 6.509000000000000341e-01
-1.671151916236524926e+02 5.459931493360409149e+01 2.086999999999999966e-01
-4.644651417756678313e+01 -8.369260479564493593e+00 1.089999999999999997e-01
-3.271945502661287719e+01 5.466066712982444287e+00 1.089999999999999997e-01
-1.259721966849316459e+02 3.162936246421392994e+01 6.509000000000000341e-01
1.391740334043165035e+02 -6.081092471864284477e+01 2.500000000000000000e-01
1.369955097001770810e+02 -2.508989631103543871e+01 6.316000000000000503e-01
6.367949409112892978e-01 -7.223614443482218483e+00 2.921000000000000263e-01
1.159844968626562007e+02 -4.379761311005034941e+01 6.316000000000000503e-01
7.222744131457783112e+01 -6.955100204734328884e+01 2.500000000000000000e-01
-1.509733915301100637e+02 -7.582213055452494643e+01 2.500000000000000000e-01
-4.143406604025905438e+01 7.650612053615820685e+01 2.086999999999999966e-01
-1.763612354692973554e+02 -5.091893963507256871e+01 6.509000000000000341e-01
2.834096626072702407e-01 -6.868452188953192206e+01 2.500000000000000000e-01
-1.585533551914876966e+02 -7.567218754131371838e+01 2.500000000000000000e-01
2.543947208730492182e+00 -1.982013079434364045e+01 2.921000000000000263e-01
-2.470682836258216497e+01 4.784016610761548094e+01 2.227000000000000091e-01
8.815208472315654831e+01 1.701320414455485519e+01 5.437999999999999501e-01
-8.158899636624089169e+01 -2.293194440622642460e+01 6.956999999999999851e-01
-3.332744675089761444e+01 3.967185126668033490e+01 2.086999999999999966e-01
6.810728885343681327e+01 8.567681592782354016e+01 2.227000000000000091e-01
-9.058817490688487339e+01 7.106772337310293608e+01 2.086999999999999966e-01
3.772329870173280852e+01 4.185320184145341216e+01 2.227000000000000091e-01
-9.811261457891561122e+01 -4.466222614721679918e+01 2.500000000000000000e-01
1.290363519773274845e+02 -5.605144769331330679e+01 2.500000000000000000e-01
8.723764528239506433e+01 -4.447684763097974070e+01 2.500000000000000000e-01
1.462113971533857537e+01 -5.388673853092491584e+01 2.500000000000000000e-01
1.573002597502768936e+02 1.755075849798313214e+01 6.509000000000000341e-01
-1.307641316683315722e+02 1.705130209792061891e+01 6.509000000000000341e-01
1.200123247392559165e+02 -3.141975302360553712e+01 6.316000000000000503e-01
1.267499783361106864e+02 -3.588481440069445938e+01 6.316000000000000503e-01
-1.409333843282947498e+02 -4.253639374546007446e+01 6.509000000000000341e-01
1.056620919821861690e+02 6.441016427043336989e+01 2.227000000000000091e-01
-1.655601416839897695e+02 2.694357928715211403e-01 6.509000000000000341e-01
1.557613505104771718e+02 4.875181079518414506e+00 6.509000000000000341e-01
1.257642681708541765e+01 3.652530914798511219e+01 2.921000000000000263e-01
6.075942242187111475e+01 5.263559083961355967e+00 2.921000000000000263e-01
-1.228679344461778413e+02 -7.285153713265955844e+01 2.500000000000000000e-01
8.756977458301933837e+01 4.942600941142483606e+01 2.227000000000000091e-01
-5.046492525813123109e+01 -3.937550337830168701e+01 1.089999999999999997e-01
-1.636332485435586079e+02 1.758996563615830411e+01 6.509000000000000341e-01
4.025859640585596644e+00 3.580917403197727822e+01 2.921000000000000263e-01
-8.351073981726742090e+01 3.750432060313089977e+01 2.086999999999999966e-01
1.315421398826091490e+02 -2.147394885665179487e+01 6.316000000000000503e-01
1.201194403900098280e+02 -6.079270618555971950e+00 2.227000000000000091e-01
-7.977839624887386094e+01 6.780646519279397921e+01 2.086999999999999966e-01
-9.175139197429314208e+01 4.954216224347594277e+01 2.086999999999999966e-01
9.798043490110691778e+01 5.338329709526932021e+01 2.227000000000000091e-01
6.682317032167986781e+01 4.502257403030850469e+01 2.227000000000000091e-01
-2.846834570593255620e+01 1.259027620272296133e+01 2.921000000000000263e-01
1.429316097222705082e+02 -9.382139034732407623e+00 6.316000000000000503e-01
-1.120658921295028563e+02 -1.673622478569126049e+00 6.509000000000000341e-01
1.345807051303513902e+02 -4.181623449971978346e+01 6.316000000000000503e-01
-1.188955587902610205e+02 3.765172564404777233e+01 2.086999999999999966e-01
-5.113545632248364115e+01 1.725590155370672818e+01 1.089999999999999997e-01
-3.084859844647991522e+01 9.165286035891874405e+00 2.921000000000000263e-01
1.087993202524946810e+02 -3.750398295739288734e+00 2.227000000000000091e-01
-3.773354760505808514e+01 6.070810997954918520e+01 2.086999999999999966e-01
-5.231863049468434923e+01 5.331287725661547938e+01 2.086999999999999966e-01
-7.777556191701867760e+01 -1.701545717153634385e+01 6.956999999999999851e-01
1.217767320899866093e+02 1.500413114893563815e+01 2.227000000000000091e-01
1.791138794179717593e+02 -9.289733328379899957e-01 6.509000000000000341e-01
-7.737713525042380525e+01 4.338724159472748454e+01 2.086999999999999966e-01
-1.035657362389252256e+02 -1.477402033426805517e+01 6.956999999999999851e-01
7.080694797353923775e+01 1.954442783532792305e+01 5.437999999999999501e-01
-7.654919713000271742e+00 -2.839711972321340028e+01 2.921000000000000263e-01
-1.575671848538680138e+02 -3.899475249519575026e+00 6.509000000000000341e-01
-3.049939783990047815e+01 -9.705262995472013543e+00 1.089999999999999997e-01
1.423246224871264189e+02 6.378250530509298954e+01 2.227000000000000091e-01
9.908918303761581114e+01 -1.236029901310653756e+01 6.316000000000000503e-01
1.127308455693070641e+02 4.639397749630889223e+01 2.227000000000000091e-01
-9.895410282886271602e+01 -9.399544562661830582e+00 6.956999999999999851e-01
-1.700803884140671869e+02 -3.389617990221717037e+01 6.509000000000000341e-01
8.809498091778637274e+01 6.163519613270095476e+01 2.227000000000000091e-01
1.386135255566074420e+02 -3.149454589923619707e+01 6.316000000000000503e-01
-1.541490565921474172e+02 6.957851443093640853e+01 2.086999999999999966e-01
1.210259154819179059e+02 -6.379645334494145459e+01 2.500000000000000000e-01
1.521402548183032479e+02 2.382782520120895597e+01 6.509000000000000341e-01
1.350469358049668926e+02 4.801030811226365103e+01 2.227000000000000091e-01
-1.377603836040827900e+02 2.816714338212595337e+01 6.509000000000000341e-01
1.450109123675695741e+02 4.942689770143889660e+01 2.086999999999999966e-01
-1.637838969246055285e+02 4.816310256775324916e+01 6.509000000000000341e-01
-6.285387107938253592e+01 -2.303427353987780180e+01 1.089999999999999997e-01
-1.472123390685870277e+02 6.511665887403486863e+01 2.086999999999999966e-01
7.989320376435843230e+01 -5.178401379702967944e+01 2.500000000000000000e-01
-5.652331429712243249e+01 -3.413152131220380880e+01 1.089999999999999997e-01
-1.553562371891171168e+01 4.659273850834704689e+01 2.227000000000000091e-01
-6.547886619614267545e+01 -2.695915587386749479e+01 1.089999999999999997e-01
3.817048272157619238e+01 -2.997564448205855214e+00 2.921000000000000263e-01
-7.603979958669467010e+01 -3.875961008710128652e+01 6.956999999999999851e-01
3.546387390095033965e+01 1.092017073338516653e+01 2.921000000000000263e-01
-1.103943911753411413e+02 -4.767430523695082911e+01 2.500000000000000000e-01
5.897977262680483079e+01 -7.228020854400392636e+01 2.500000000000000000e-01
4.512516776569687238e+01 -3.042101494451576738e+00 2.921000000000000263e-01
9.394931301876610519e+01 3.443570510062312451e+01 2.227000000000000091e-01
7.818562538355988067e+01 -6.864493412545940032e+01 2.500000000000000000e-01
6.397589932773689014e+01 -2.392789155732328510e+01 2.921000000000000263e-01
-7.413867852715033280e+01 -2.984640655735649872e+01 6.956999999999999851e-01
-9.121236657037042050e+01 1.407540099823248703e+01 2.862000000000000099e-01
2.017785735409852776e+01 7.334707124138832057e+01 2.227000000000000091e-01
6.386561647772823136e+01 -2.311373486863745441e+01 2.921000000000000263e-01
9.002287861979623074e+01 -7.765586537523600441e+01 2.500000000000000000e-01
1.694969794019882556e+02 2.194118367719845253e+01 6.509000000000000341e-01
-7.231904753832931476e+01 5.771961693493211953e+01 2.086999999999999966e-01
-4.170369884229148738e+01 2.582168804271049112e+01 2.921000000000000263e-01
1.765178125985434576e+02 1.940440470136759643e+01 6.509000000000000341e-01
-5.361968201250807908e+01 3.178645048914961890e+01 2.086999999999999966e-01
-1.276758019795221202e+02 -3.610240177759022373e+01 6.509000000000000341e-01
-5.766864440612691567e+01 7.614770581374995118e+01 2.086999999999999966e-01
-6.777953643495169445e+01 7.733838483353856930e+00 1.089999999999999997e-01
-1.393581920153844749e+02 -6.297926623233819576e+00 6.509000000000000341e-01
1.523521134619046791e+01 -8.634015190105552406e+00 2.921000000000000263e-01
1.766018102689894818e+02 3.363448473413150008e+00 6.509000000000000341e-01
-1.156027066522180391e+01 3.102365961635411296e+01 2.921000000000000263e-01
2.076572138846248095e+01 6.185302985026248024e+01 2.227000000000000091e-01
-1.115824651263219778e+02 -7.225028436796260678e+01 2.500000000000000000e-01
6.404940883727668677e+01 7.619650704459624535e+01 2.227000000000000091e-01
-9.558779036242127347e+01 2.459022137863144053e+01 2.086999999999999966e-01
-1.537867099603772942e+02 9.520977334452284779e+00 6.509000000000000341e-01
1.209730372861098999e+02 3.635227758681802612e+01 2.227000000000000091e-01
6.475879716699400035e+01 2.377904780840994992e+00 2.921000000000000263e-01
-9.532087854311907904e+01 -3.454317325920392534e+00 6.956999999999999851e-01
-1.313147881396513696e+02 4.512591525393776948e+01 6.509000000000000341e-01
-3.371178851404744492e+00 1.315026758050178302e+01 2.921000000000000263e-01
-3.129585725968482635e+01 6.504270138021173864e+01 2.086999999999999966e-01
7.709026596179964486e+01 -3.637053170545915748e+01 2.500000000000000000e-01
-7.766904365249332898e+01 1.093075786517310855e+00 1.089999999999999997e-01
5.395953199902733921e+00 1.723285616164038814e+01 2.921000000000000263e-01
-8.102467470554394424e+01 4.184348894806672803e+01 2.086999999999999966e-01
9.880618109792460757e+01 2.700002734707253893e+01 2.227000000000000091e-01
-1.050831801500429918e+02 5.156801099522308363e+01 2.086999999999999966e-01
-7.757913272693915019e+01 2.140991393506431351e+01 2.086999999999999966e-01
4.473068938863414701e+01 -4.142658656668895212e+00 2.921000000000000263e-01
-1.541192315347084616e+02 3.744076248053462308e+01 6.509000000000000341e-01
1.329076433345488226e+02 3.286780885582699341e+01 2.227000000000000091e-01
1.440038524661493682e+02 -6.813145089546718225e+01 2.500000000000000000e-01
-7.061559112861955612e+01 -6.390297277064983916e+01 2.500000000000000000e-01
-1.357927286785704268e+02 5.478350783478401809e+01 6.509000000000000341e-01
8.736969692101324014e+00 1.043162032857683919e+01 2.921000000000000263e-01
-1.061470307661410573e+02 6.954528020866445104e+01 2.086999999999999966e-01
-1.514356677286313015e+02 -4.211876743197457529e+00 6.509000000000000341e-01
1.437667473165565752e+02 -8.012873810485062620e+01 2.500000000000000000e-01
-1.040858916375033658e+02 6.361809295845549883e+01 2.086999999999999966e-01
-9.663199686328113103e+01 -4.634018612979005525e+01 2.500000000000000000e-01
1.669815665880006463e+02 3.531799583751050875e+01 6.509000000000000341e-01
-1.777737341639239617e+02 -6.539461286585425803e+00 6.509000000000000341e-01
-8.277857333784494642e+01 1.215855442140270881e+01 2.862000000000000099e-01
-3.019348261203668216e+01 1.562074256855978760e+01 2.921000000000000263e-01
1.216016536486515207e+02 -3.189820046228739514e+01 6.316000000000000503e-01
1.020049101695648517e+02 2.014451568937996839e+01 2.227000000000000091e-01
1.050761992703976233e+01 -8.710568064413687139e+00 2.921000000000000263e-01
5.009416735511745600e+01 -4.611815069085166385e+01 2.500000000000000000e-01
-9.116267550527929586e+01 -7.288526691068096852e+01 2.500000000000000000e-01
-1.850806923326468834e+01 1.575619794904422299e+01 2.921000000000000263e-01
-6.271267374666774685e+01 -1.730538474717328157e+01 1.089999999999999997e-01
7.365304379754810782e+01 7.446971097373930704e+00 5.437999999999999501e-01
8.680307865760252639e+01 2.485712901395585561e+01 5.437999999999999501e-01
-1.479949216890716457e+02 -5.160329269609964342e+01 6.509000000000000341e-01
4.252038070427413885e+01 -6.463957909071760355e+01 2.500000000000000000e-01
-1.231447324897177253e+02 6.389490154723839765e+01 2.086999999999999966e-01
1.150909655868363473e+02 -1.573516363099308890e+01 6.316000000000000503e-01
-1.046367645902987391e+02 3.014807883648040310e+00 6.509000000000000341e-01
-1.492077415924535160e+02 6.423430887651907994e+01 2.086999999999999966e-01
1.002290078089134511e+02 -6.268153617938219924e+01 2.500000000000000000e-01
-2.463289837577305619e+01 2.266204463043778716e+01 2.921000000000000263e-01
3.239570341395301512e+01 2.265821808284757566e+01 2.921000000000000263e-01
9.652419772659574448e+01 -9.704719538954165614e+00 6.316000000000000503e-01
-4.969248970710265212e+01 -6.314503953720720375e+01 2.500000000000000000e-01
3.347519827487836608e+01 -7.776146424101015420e+00 2.921000000000000263e-01
1.686343288966310467e+02 -6.908288169346495522e+01 2.500000000000000000e-01
9.349186929386585021e+00 4.610477785185879895e+01 2.227000000000000091e-01
6.278773530868004826e+01 1.905258248161325696e+01 5.437999999999999501e-01
1.591290121524067445e+02 7.606427637392471297e+01 2.086999999999999966e-01
3.339470426270792558e+01 2.076613880046841842e+01 2.921000000000000263e-01
-1.651806448540033330e+02 -4.810098005725952142e+00 6.509000000000000341e-01
-2.691526698286482144e+01 -1.303065881471321319e+01 1.089999999999999997e-01
1.672094874052369562e+01 3.675780872211034733e+01 2.921000000000000263e-01
1.174191039358848769e+02 -3.287879213175630611e+01 6.316000000000000503e-01
-1.018064658999104779e+02 -7.417017149554935429e+01 2.500000000000000000e-01
6.902701158830973327e+01 -4.021585374287753467e+01 2.500000000000000000e-01
-2.206484848124734555e+01 -5.268777750871935694e+01 1.089999999999999997e-01
-4.856956095105037718e+01 6.621175713180099898e+00 1.089999999999999997e-01
1.523327989201894006e+01 -4.898707121814060628e+01 2.921000000000000263e-01
6.881933874338579926e+01 1.479665099513760396e+01 5.437999999999999501e-01
-1.603963261353224112e+01 -1.093038430241347392e+01 1.089999999999999997e-01
8.756796895601581809e+01 -3.351205526455180461e+01 6.316000000000000503e-01
-4.158853196188918844e+01 -4.767068902277003417e+01 1.089999999999999997e-01
1.774512261337370376e+02 7.110068344414052888e+01 2.086999999999999966e-01
-6.482617324788343183e+01 -5.710093005063636440e+01 2.500000000000000000e-01
-1.228318266219323931e+02 -7.102832784416504452e+00 6.509000000000000341e-01
-1.385386755957185869e+02 -1.450147813704122601e+00 6.509000000000000341e-01
9.330427915971793595e+01 -1.537564362146344799e+01 6.316000000000000503e-01
1.074782238804250625e+02 -4.162570064996309327e+01 6.316000000000000503e-01
-1.044742274644005846e+02 -7.373255099288495273e+01 2.500000000000000000e-01
1.019939997815951500e+02 -3.044127009388188299e+01 6.316000000000000503e-01
4.972949540805657165e+01 2.964681607363181826e+01 5.587999999999999634e-01
-1.411831940448461431e+01 1.229022356296404617e+01 2.921000000000000263e-01
-8.554531704262828384e+01 -5.735332416611343120e+01 2.500000000000000000e-01
-2.978526935625708560e+01 7.069235805828256503e+01 2.086999999999999966e-01
-1.314301133344722530e+02 3.266938770987442098e+01 6.509000000000000341e-01
1.269370836480688070e+02 1.106726037848812361e+01 9.098000000000000531e-01
-1.567350514255024905e+02 4.383760293161389399e+01 6.509000000000000341e-01
1.231071069163313041e+02 2.405081942024430930e+01 2.227000000000000091e-01
-2.352421971376519316e+00 7.040923824294246458e+01 2.227000000000000091e-01
-1.273762759084903280e+02 7.086755583951540416e+01 2.086999999999999966e-01
1.751400317412569905e+02 5.675526432853620662e+01 2.086999999999999966e-01
9.686321592159667659e+01 4.535103555252876006e+00 2.227000000000000091e-01
-6.963522390881502133e+01 -6.349974582764234299e+01 2.500000000000000000e-01
-1.747026493195407966e+02 -6.935181212307948329e+01 2.500000000000000000e-01
-5.234077280555841583e+01 -5.112789748534277834e+01 1.089999999999999997e-01
1.787297626265827546e+02 -5.633675433752442530e+01 6.509000000000000341e-01
7.217410346516203390e+01 4.918890083103086397e+01 2.227000000000000091e-01
9.134744955064192595e+01 7.218080179589699696e+01 2.227000000000000091e-01
9.665198993398441019e+00 1.423139801690748385e+01 2.921000000000000263e-01
-6.602108006259958017e+01 -3.664199391606201317e+01 1.089999999999999997e-01
1.408810208175665650e+02 8.993630685640559008e+00 6.509000000000000341e-01
-5.605830345758749189e+01 2.920198943776151523e+01 2.086999999999999966e-01
-1.595922949866077900e+01 -1.509375398521890510e+00 1.089999999999999997e-01
-3.692481145797656694e+01 4.469939376148315802e+01 2.086999999999999966e-01
-7.649035430118065904e+01 1.746467442405942805e+01 2.862000000000000099e-01
-1.685212927930654985e+02 3.601542919914102470e+01 6.509000000000000341e-01
-1.224299060377469317e+02 4.312886220128867620e+01 2.086999999999999966e-01
-1.261858265599565243e+02 -3.802353670593234369e+01 6.509000000000000341e-01
-4.457865661614646058e+01 -2.230900302317325412e+01 1.089999999999999997e-01
2.353935424957484557e+01 1.920060276138161370e+01 2.921000000000000263e-01
-1.759366735924177476e+02 2.990137675227337510e+01 6.509000000000000341e-01
6.763863124451367526e+01 4.203922179331225095e+01 2.227000000000000091e-01
8.574030852233291000e+01 4.862554855401250364e+01 2.227000000000000091e-01
1.516703884555289790e+02 -5.378700547031943557e+01 6.316000000000000503e-01
1.001154829349428184e+02 5.706946272427582301e+01 2.227000000000000091e-01
-1.617565934688400091e+02 -3.732075978621988099e+01 6.509000000000000341e-01
1.680570301304506131e+02 -2.574034408079447545e+01 6.316000000000000503e-01
9.209366325409149567e+01 -6.268215333661208177e+01 2.500000000000000000e-01
-8.848913313614350784e+01 -2.325124254867697005e+01 6.956999999999999851e-01
-3.753320274518985400e+01 6.458226869804279069e+00 1.089999999999999997e-01
-1.670583105686507395e+02 -4.355093843254661579e+01 6.509000000000000341e-01
-1.612374383406192351e+02 -7.299084046264704284e+01 2.500000000000000000e-01
1.146807088936850505e+02 -3.328150686678520742e+01 6.316000000000000503e-01
-1.435789963309300106e+02 -4.225679466353147973e+01 6.509000000000000341e-01
-2.617831757308197282e+01 6.081984245874788542e+01 2.227000000000000091e-01
-1.086424164914661503e+02 -6.308334987481650558e+01 2.500000000000000000e-01
-1.446598281803062207e+02 -4.401581908428329371e+01 6.509000000000000341e-01
-1.173411101187908514e+02 4.480387610885944838e+01 2.086999999999999966e-01
1.767486262707234346e+02 1.714432793492161977e+01 6.509000000000000341e-01
8.384736678919249186e+01 5.476513724562946805e+01 2.227000000000000091e-01
-8.654077268504988041e+00 2.462537329345646597e+01 2.921000000000000263e-01
5.514800286869522239e+01 3.092870066894683845e+01 2.227000000000000091e-01
1.274951336696682631e+02 -1.238990693020580025e+01 6.316000000000000503e-01
1.384142481528735402e+02 -3.674131319879541024e+01 6.316000000000000503e-01
2.673985111077232446e+01 -2.116115686154616782e+01 2.921000000000000263e-01
-3.797597445966123786e+01 -7.637229387248646617e+01 2.500000000000000000e-01
1.404298761180459678e+02 7.828516342553514562e+01 2.086999999999999966e-01
5.568520961987923812e+01 -3.211121489320657219e+01 2.921000000000000263e-01
-1.555398168122376745e+01 1.358040133493429380e+01 2.921000000000000263e-01
1.401092999710525362e+02 -1.003498315307659361e+01 6.316000000000000503e-01
-3.829440925624763992e+01 5.402909980411762092e+01 2.086999999999999966e-01
-7.935191276879112365e+01 -2.561950886299010222e+01 6.956999999999999851e-01
-5.044306022932683220e+01 3.366890208226118175e-01 1.089999999999999997e-01
1.345088458201293236e+02 5.503243219699633926e+01 2.227000000000000091e-01
6.275252826764388203e+01 -2.628457639793682432e+01 2.921000000000000263e-01
-1.244670753421922456e+02 -1.136871598153777541e+01 6.509000000000000341e-01
1.176696712793125812e+02 1.265270934517102042e+01 2.227000000000000091e-01
5.699768616167090585e+01 2.570714163648244899e+00 2.921000000000000263e-01
-1.766658037547022388e+02 4.306911041117352568e+01 6.509000000000000341e-01
-1.222744037466010241e+02 -1.573322759562711859e+01 6.509000000000000341e-01
3.164671336455583628e+01 -2.349257870278807658e+01 2.921000000000000263e-01
-4.287525181095161031e+01 -4.700404660770119847e+01 1.089999999999999997e-01
3.977076842747747776e+01 -3.872696473658963612e+01 2.921000000000000263e-01
9.156949744756983023e+01 6.284622669140742346e+01 2.227000000000000091e-01
4.756528609327329349e+01 6.764735350010772663e+01 2.227000000000000091e-01
1.067819627825072786e+02 3.107319181570894528e+01 2.227000000000000091e-01
1.613883500253017189e+02 -3.610723271491514907e+01 6.316000000000000503e-01
-1.094959383000398567e+01 -2.894960108395527598e+01 2.921000000000000263e-01
1.297057327471105168e+02 2.348484774138215059e+01 9.098000000000000531e-01
8.565116785980337966e+01 -4.684329312066996920e+01 2.500000000000000000e-01
1.685527748830926669e+02 5.879957327099661768e+01 2.086999999999999966e-01
7.797867625515866052e+01 -1.397646933547208725e+01 6.316000000000000503e-01
-6.527149459088238359e+01 5.825108369772746642e+01 2.086999999999999966e-01
-7.674495956268373220e+01 -5.556274415998089466e+00 1.089999999999999997e-01
-1.752914760108878411e+01 -2.696394349265038315e+01 1.089999999999999997e-01
1.316484480996513895e+01 -6.696654209206735686e+01 2.500000000000000000e-01
6.086799275623462790e+01 -2.171527701596579973e+01 2.921000000000000263e-01
2.213581986389552725e+01 -2.886215296259972973e+01 2.921000000000000263e-01
2.296627768308232564e+00 -3.244051467665004651e+01 2.921000000000000263e-01
1.587343819841941297e+02 -1.212951179645093802e+01 6.316000000000000503e-01
-1.637332069484004933e+02 -3.206473356537759400e+01 6.509000000000000341e-01
1.679953405461337468e+02 8.606017033199825361e-02 6.509000000000000341e-01
3.099808729615878988e+01 -4.375767046865231436e+01 2.921000000000000263e-01
-1.365523684197753198e+02 5.557563325735858228e+01 6.509000000000000341e-01
8.469297964600475837e+01 8.581586371252203804e+00 5.437999999999999501e-01
-1.500378104389216993e+01 -5.154229544772422855e+01 1.089999999999999997e-01
-7.482500901273057536e+01 2.816523909091977629e+01 2.086999999999999966e-01
9.926175290042972676e+01 -5.369078618889601273e+01 2.500000000000000000e-01
3.761748303359052414e+01 -3.260918251942300827e+01 2.921000000000000263e-01
-3.686400767236949605e+01 -3.890926708780327914e+01 1.089999999999999997e-01
-1.305970705879581146e+02 -2.776859418166553795e+01 6.509000000000000341e-01
-9.465615135859516727e+01 2.677799611663649060e+01 2.086999999999999966e-01
-1.017264610644012492e+02 1.164640336999988079e+01 1.197799999999999976e+00
-3.772397562168652740e+01 -4.627527130929878751e+01 1.089999999999999997e-01
1.504295133864589218e+02 4.654312370298825385e+01 2.086999999999999966e-01
-4.616842656124649125e+01 -3.725402160970604371e+01 1.089999999999999997e-01
4.282333145738981273e+01 5.472401464528548587e+01 2.227000000000000091e-01
-3.681174552072756256e+01 -6.989980269098849419e+01 2.500000000000000000e-01
-4.485782334448595776e+01 -1.613892324643899912e+01 1.089999999999999997e-01
-6.133638800957025694e+01 3.497955315217716787e+01 2.086999999999999966e-01
-1.733873174265804948e+02 -8.193884181063546635e+01 2.500000000000000000e-01
-1.493341678719184813e+02 -6.762770506708729101e+01 2.500000000000000000e-01
2.864500483721469237e+01 6.972024895232706854e+01 2.227000000000000091e-01
-3.079974036991588804e+01 2.494328555580380069e+01 2.921000000000000263e-01
5.718389029658977307e+01 1.999616521583273610e+01 5.587999999999999634e-01
1.766323491932101604e+02 1.018239580879909667e+01 6.509000000000000341e-01
8.646498246838875446e+01 2.509170602090340196e+01 5.437999999999999501e-01
1.675542491712774336e+02 -3.005425065201154666e+01 6.316000000000000503e-01
1.402777054291582601e+02 -2.395437709054215247e+01 6.316000000000000503e-01
-7.492650520578688145e+01 -3.394141154675325822e+01 6.956999999999999851e-01
-4.716819692879934856e+00 -8.288116359552778079e+01 2.500000000000000000e-01
-1.647292389362284837e+01 -2.728035580919131320e+01 1.089999999999999997e-01
-9.482078480228351225e+01 -1.418114940140519664e+01 6.956999999999999851e-01
-1.225474015516018369e+02 -2.316813841619284275e+01 6.509000000000000341e-01
-1.642014492404959469e+02 2.024545344117361978e+00 6.509000000000000341e-01
9.954422086487628007e+01 -3.326906195601065974e+01 6.316000000000000503e-01
-2.446060221030556647e+01 -6.067149283956133843e+01 2.500000000000000000e-01
6.660790023393110459e+01 3.970495933165923219e+01 2.227000000000000091e-01
-1.569830336202046510e+02 -1.048808916462468055e+01 6.509000000000000341e-01
-8.409269450241457378e+01 2.547609575308631591e+01 2.086999999999999966e-01
-1.126930372692419695e+02 5.046478516851329488e+01 2.086999999999999966e-01
-1.504170496636581333e+02 8.031481635327922675e+01 2.086999999999999966e-01
1.547428836156263117e+02 6.701807565605493267e+01 2.086999999999999966e-01
-1.331858757078632038e+02 3.006697552307545962e+01 6.509000000000000341e-01
-5.522961880753660324e+01 -1.253498375578147517e+01 1.089999999999999997e-01
1.605890103721947639e+02 -3.148769004738059818e-02 6.509000000000000341e-01
1.658438913961459491e+02 -2.144730785040619025e+01 6.316000000000000503e-01
-1.117562681685474928e+02 -4.430029852450967809e+01 2.500000000000000000e-01
-5.245155308175917952e+01 -5.632092964240415256e+01 2.500000000000000000e-01
7.056239853715280219e+01 -4.991801770577385611e+01 2.500000000000000000e-01
-1.225109913051231985e+02 1.610411432605635440e+01 6.509000000000000341e-01
-1.207754680096250866e+02 -2.931472129222463252e+01 6.509000000000000341e-01
-1.200076430682131559e+02 5.835138216382429022e+01 2.086999999999999966e-01
-1.071262231611405866e+02 -2.955635840199190412e+01 6.956999999999999851e-01
-7.838339730072537748e+01 1.854345111138883695e+01 2.862000000000000099e-01
-1.168702696332516666e+01 1.546595386831342012e+01 2.921000000000000263e-01
-1.025830354793350807e+02 5.610178859758473635e+01 2.086999999999999966e-01
8.120443311773507844e+01 3.645516854644958471e+01 2.227000000000000091e-01
-5.821624183729279167e+01 4.559419760158893276e+00 1.089999999999999997e-01
2.280512407100005490e+01 3.951444970795664346e+01 2.227000000000000091e-01
5.109272971566876009e+01 -4.364758208175581444e+01 2.500000000000000000e-01
1.763772201517852523e+02 4.138150614214815448e+01 6.509000000000000341e-01
-1.174765430201444047e+02 4.065659576486807936e+01 2.086999999999999966e-01
-1.654404452224401325e+02 3.235714747605565833e+01 6.509000000000000341e-01
